2, 1
6, 1
24, 1
1, 2
3, 2
2, 3
4, 3
5, 3
3, 4
3, 5
1, 6
7, 6
11, 6
14, 6
16, 6
6, 7
8, 7
7, 8
9, 8
10, 8
8, 9
8, 10
6, 11
12, 11
13, 11
11, 12
11, 13
6, 14
15, 14
14, 15
6, 16
17, 16
16, 17
18, 17
21, 17
17, 18
19, 18
20, 18
18, 19
18, 20
17, 21
22, 21
23, 21
21, 22
21, 23
1, 24
25, 24
24, 25
26, 25
27, 25
25, 26
25, 27
28, 27
31, 27
32, 27
27, 28
29, 28
30, 28
28, 29
28, 30
27, 31
27, 32
33, 32
32, 33
34, 33
35, 33
33, 34
33, 35
36, 35
35, 36
37, 36
43, 36
36, 37
38, 37
37, 38
39, 38
42, 38
38, 39
40, 39
41, 39
39, 40
39, 41
38, 42
36, 43
44, 43
43, 44
46, 45
57, 45
127, 45
45, 46
47, 46
48, 46
46, 47
46, 48
49, 48
53, 48
48, 49
50, 49
49, 50
51, 50
52, 50
50, 51
50, 52
48, 53
54, 53
53, 54
55, 54
56, 54
54, 55
54, 56
45, 57
58, 57
59, 57
57, 58
57, 59
60, 59
74, 59
78, 59
84, 59
95, 59
112, 59
120, 59
123, 59
59, 60
61, 60
65, 60
68, 60
70, 60
60, 61
62, 61
61, 62
63, 62
64, 62
62, 63
62, 64
60, 65
66, 65
67, 65
65, 66
65, 67
60, 68
69, 68
68, 69
60, 70
71, 70
70, 71
72, 71
71, 72
73, 72
72, 73
59, 74
75, 74
74, 75
76, 75
77, 75
75, 76
75, 77
59, 78
79, 78
78, 79
80, 79
81, 79
79, 80
79, 81
82, 81
83, 81
81, 82
81, 83
59, 84
85, 84
84, 85
86, 85
89, 85
90, 85
85, 86
87, 86
88, 86
86, 87
86, 88
85, 89
85, 90
91, 90
94, 90
90, 91
92, 91
93, 91
91, 92
91, 93
90, 94
59, 95
96, 95
95, 96
97, 96
100, 96
101, 96
96, 97
98, 97
99, 97
97, 98
97, 99
96, 100
96, 101
102, 101
101, 102
103, 102
108, 102
102, 103
104, 103
103, 104
105, 104
104, 105
106, 105
107, 105
105, 106
105, 107
102, 108
109, 108
108, 109
110, 109
111, 109
109, 110
109, 111
59, 112
113, 112
112, 113
114, 113
117, 113
113, 114
115, 114
116, 114
114, 115
114, 116
113, 117
118, 117
119, 117
117, 118
117, 119
59, 120
121, 120
120, 121
122, 121
121, 122
59, 123
124, 123
123, 124
125, 124
126, 124
124, 125
124, 126
45, 127
128, 127
127, 128
129, 128
128, 129
131, 130
136, 130
146, 130
152, 130
130, 131
132, 131
131, 132
133, 132
134, 132
132, 133
132, 134
135, 134
134, 135
130, 136
137, 136
136, 137
138, 137
141, 137
137, 138
139, 138
140, 138
138, 139
138, 140
137, 141
142, 141
141, 142
143, 142
142, 143
144, 143
143, 144
145, 144
144, 145
130, 146
147, 146
146, 147
148, 147
149, 147
147, 148
147, 149
150, 149
151, 149
149, 150
149, 151
130, 152
153, 152
152, 153
154, 153
155, 153
153, 154
153, 155
156, 155
157, 155
158, 155
155, 156
155, 157
155, 158
159, 158
158, 159
161, 160
176, 160
193, 160
160, 161
162, 161
161, 162
163, 162
164, 162
162, 163
162, 164
165, 164
164, 165
166, 165
167, 165
165, 166
165, 167
168, 167
167, 168
169, 168
173, 168
168, 169
170, 169
169, 170
171, 170
172, 170
170, 171
170, 172
168, 173
174, 173
173, 174
175, 174
174, 175
160, 176
177, 176
176, 177
178, 177
179, 177
177, 178
177, 179
180, 179
179, 180
181, 180
182, 180
180, 181
180, 182
183, 182
182, 183
184, 183
188, 183
191, 183
183, 184
185, 184
184, 185
186, 185
187, 185
185, 186
185, 187
183, 188
189, 188
188, 189
190, 189
189, 190
183, 191
192, 191
191, 192
160, 193
194, 193
193, 194
195, 194
198, 194
194, 195
196, 195
197, 195
195, 196
195, 197
194, 198
200, 199
204, 199
208, 199
212, 199
216, 199
241, 199
309, 199
316, 199
322, 199
199, 200
201, 200
200, 201
202, 201
203, 201
201, 202
201, 203
199, 204
205, 204
204, 205
206, 205
207, 205
205, 206
205, 207
199, 208
209, 208
208, 209
210, 209
211, 209
209, 210
209, 211
199, 212
213, 212
212, 213
214, 213
215, 213
213, 214
213, 215
199, 216
217, 216
218, 216
219, 216
216, 217
216, 218
216, 219
220, 219
224, 219
239, 219
219, 220
221, 220
220, 221
222, 221
223, 221
221, 222
221, 223
219, 224
225, 224
229, 224
232, 224
234, 224
224, 225
226, 225
225, 226
227, 226
228, 226
226, 227
226, 228
224, 229
230, 229
231, 229
229, 230
229, 231
224, 232
233, 232
232, 233
224, 234
235, 234
234, 235
236, 235
235, 236
237, 236
238, 236
236, 237
236, 238
219, 239
240, 239
239, 240
199, 241
242, 241
241, 242
243, 242
248, 242
242, 243
244, 243
247, 243
243, 244
245, 244
246, 244
244, 245
244, 246
243, 247
242, 248
249, 248
250, 248
248, 249
248, 250
251, 250
254, 250
260, 250
289, 250
295, 250
301, 250
307, 250
250, 251
252, 251
251, 252
253, 252
252, 253
250, 254
255, 254
254, 255
256, 255
259, 255
255, 256
257, 256
258, 256
256, 257
256, 258
255, 259
250, 260
261, 260
264, 260
260, 261
262, 261
263, 261
261, 262
261, 263
260, 264
265, 264
271, 264
264, 265
266, 265
265, 266
267, 266
268, 266
266, 267
266, 268
269, 268
270, 268
268, 269
268, 270
264, 271
272, 271
276, 271
281, 271
283, 271
271, 272
273, 272
272, 273
274, 273
275, 273
273, 274
273, 275
271, 276
277, 276
278, 276
276, 277
276, 278
279, 278
280, 278
278, 279
278, 280
271, 281
282, 281
281, 282
271, 283
284, 283
283, 284
285, 284
288, 284
284, 285
286, 285
287, 285
285, 286
285, 287
284, 288
250, 289
290, 289
289, 290
291, 290
294, 290
290, 291
292, 291
293, 291
291, 292
291, 293
290, 294
250, 295
296, 295
295, 296
297, 296
300, 296
296, 297
298, 297
299, 297
297, 298
297, 299
296, 300
250, 301
302, 301
301, 302
303, 302
306, 302
302, 303
304, 303
305, 303
303, 304
303, 305
302, 306
250, 307
308, 307
307, 308
199, 309
310, 309
309, 310
311, 310
310, 311
312, 311
315, 311
311, 312
313, 312
314, 312
312, 313
312, 314
311, 315
199, 316
317, 316
316, 317
318, 317
321, 317
317, 318
319, 318
320, 318
318, 319
318, 320
317, 321
199, 322
323, 322
322, 323
324, 323
325, 323
323, 324
323, 325
326, 325
329, 325
325, 326
327, 326
328, 326
326, 327
326, 328
325, 329
331, 330
335, 330
353, 330
365, 330
387, 330
408, 330
330, 331
332, 331
331, 332
333, 332
334, 332
332, 333
332, 334
330, 335
336, 335
340, 335
343, 335
345, 335
335, 336
337, 336
336, 337
338, 337
339, 337
337, 338
337, 339
335, 340
341, 340
342, 340
340, 341
340, 342
335, 343
344, 343
343, 344
335, 345
346, 345
345, 346
347, 346
346, 347
348, 347
351, 347
347, 348
349, 348
350, 348
348, 349
348, 350
347, 351
352, 351
351, 352
330, 353
354, 353
353, 354
355, 354
360, 354
354, 355
356, 355
359, 355
355, 356
357, 356
358, 356
356, 357
356, 358
355, 359
354, 360
361, 360
360, 361
362, 361
361, 362
363, 362
362, 363
364, 363
363, 364
330, 365
366, 365
369, 365
372, 365
374, 365
365, 366
367, 366
368, 366
366, 367
366, 368
365, 369
370, 369
371, 369
369, 370
369, 371
365, 372
373, 372
372, 373
365, 374
375, 374
374, 375
376, 375
384, 375
375, 376
377, 376
376, 377
378, 377
377, 378
379, 378
378, 379
380, 379
383, 379
379, 380
381, 380
382, 380
380, 381
380, 382
379, 383
375, 384
385, 384
386, 384
384, 385
384, 386
330, 387
388, 387
392, 387
395, 387
397, 387
387, 388
389, 388
388, 389
390, 389
391, 389
389, 390
389, 391
387, 392
393, 392
394, 392
392, 393
392, 394
387, 395
396, 395
395, 396
387, 397
398, 397
397, 398
399, 398
398, 399
400, 399
405, 399
399, 400
401, 400
404, 400
400, 401
402, 401
403, 401
401, 402
401, 403
400, 404
399, 405
406, 405
407, 405
405, 406
405, 407
330, 408
409, 408
408, 409
410, 409
415, 409
409, 410
411, 410
414, 410
410, 411
412, 411
413, 411
411, 412
411, 413
410, 414
409, 415
416, 415
415, 416
417, 416
419, 416
416, 417
418, 417
417, 418
416, 419
421, 420
440, 420
462, 420
420, 421
422, 421
423, 421
421, 422
421, 423
424, 423
425, 423
423, 424
423, 425
426, 425
430, 425
436, 425
425, 426
427, 426
426, 427
428, 427
429, 427
427, 428
427, 429
425, 430
431, 430
430, 431
432, 431
435, 431
431, 432
433, 432
434, 432
432, 433
432, 434
431, 435
425, 436
437, 436
436, 437
438, 437
439, 437
437, 438
437, 439
420, 440
441, 440
442, 440
440, 441
440, 442
443, 442
457, 442
442, 443
444, 443
448, 443
451, 443
453, 443
443, 444
445, 444
444, 445
446, 445
447, 445
445, 446
445, 447
443, 448
449, 448
450, 448
448, 449
448, 450
443, 451
452, 451
451, 452
443, 453
454, 453
453, 454
455, 454
454, 455
456, 455
455, 456
442, 457
458, 457
457, 458
459, 458
460, 458
458, 459
458, 460
461, 460
460, 461
420, 462
463, 462
462, 463
464, 463
463, 464
466, 465
567, 465
575, 465
465, 466
467, 466
468, 466
466, 467
466, 468
469, 468
473, 468
477, 468
488, 468
496, 468
506, 468
468, 469
470, 469
469, 470
471, 470
472, 470
470, 471
470, 472
468, 473
474, 473
473, 474
475, 474
476, 474
474, 475
474, 476
468, 477
478, 477
477, 478
479, 478
480, 478
478, 479
478, 480
481, 480
482, 480
487, 480
480, 481
480, 482
483, 482
486, 482
482, 483
484, 483
485, 483
483, 484
483, 485
482, 486
480, 487
468, 488
489, 488
488, 489
490, 489
491, 489
489, 490
489, 491
492, 491
495, 491
491, 492
493, 492
494, 492
492, 493
492, 494
491, 495
468, 496
497, 496
496, 497
498, 497
499, 497
497, 498
497, 499
500, 499
505, 499
499, 500
501, 500
504, 500
500, 501
502, 501
503, 501
501, 502
501, 503
500, 504
499, 505
468, 506
507, 506
508, 506
506, 507
506, 508
509, 508
513, 508
517, 508
508, 509
510, 509
509, 510
511, 510
512, 510
510, 511
510, 512
508, 513
514, 513
513, 514
515, 514
516, 514
514, 515
514, 516
508, 517
518, 517
517, 518
519, 518
522, 518
523, 518
518, 519
520, 519
521, 519
519, 520
519, 521
518, 522
518, 523
524, 523
523, 524
525, 524
565, 524
524, 525
526, 525
530, 525
537, 525
539, 525
525, 526
527, 526
526, 527
528, 527
529, 527
527, 528
527, 529
525, 530
531, 530
532, 530
530, 531
530, 532
533, 532
536, 532
532, 533
534, 533
535, 533
533, 534
533, 535
532, 536
525, 537
538, 537
537, 538
525, 539
540, 539
556, 539
539, 540
541, 540
547, 540
540, 541
542, 541
546, 541
541, 542
543, 542
542, 543
544, 543
545, 543
543, 544
543, 545
541, 546
540, 547
548, 547
554, 547
547, 548
549, 548
548, 549
550, 549
551, 549
549, 550
549, 551
552, 551
553, 551
551, 552
551, 553
547, 554
555, 554
554, 555
539, 556
557, 556
556, 557
558, 557
562, 557
557, 558
559, 558
560, 558
558, 559
558, 560
561, 560
560, 561
557, 562
563, 562
564, 562
562, 563
562, 564
524, 565
566, 565
565, 566
465, 567
568, 567
572, 567
567, 568
569, 568
568, 569
570, 569
569, 570
571, 570
570, 571
567, 572
573, 572
574, 572
572, 573
572, 574
465, 575
576, 575
575, 576
577, 576
580, 576
576, 577
578, 577
579, 577
577, 578
577, 579
576, 580
581, 580
580, 581
