1
2
3
4
5
6
2
3
4
7
8
4
7
9
4
10
11
12
4
4
8
4
7
2
3
4
11
12
4
4
7
13
14
4
15
16
10
17
12
4
4
7
18
7
1
19
4
16
2
3
4
13
10
12
4
4
19
4
16
6
2
3
4
7
8
4
7
9
4
16
10
11
4
2
3
4
7
2
3
4
12
13
4
10
11
12
4
4
7
12
12
4
4
4
10
11
12
4
4
7
15
16
10
20
12
4
4
10
17
4
21
10
17
12
4
4
12
4
4
10
11
4
10
11
4
4
10
11
4
1
2
3
4
22
4
10
17
12
4
4
15
16
10
11
4
2
3
4
22
4
7
2
3
4
22
4
4
5
4
1
2
3
4
13
14
4
15
16
10
11
4
7
18
5
4
2
3
4
13
14
4
15
16
10
11
4
7
10
11
4
18
7
10
11
12
4
4
4
1
2
3
4
5
2
3
4
7
2
3
4
7
2
3
4
7
19
4
4
16
2
3
4
5
6
2
3
4
7
8
4
4
9
4
10
11
12
4
4
18
4
10
17
12
12
4
4
4
15
4
16
10
9
4
10
11
12
4
4
4
23
8
4
7
16
2
3
4
22
4
7
6
2
3
4
7
8
4
12
4
4
9
4
10
17
12
4
4
7
10
11
12
4
4
4
10
11
12
4
4
4
10
11
12
4
4
4
18
4
10
11
12
11
4
7
4
10
17
12
4
4
7
2
3
4
11
12
4
4
7
1
2
3
4
5
6
2
3
4
7
8
4
7
9
4
16
10
17
12
4
4
22
4
10
17
12
12
4
7
4
15
16
10
11
4
6
17
4
7
8
4
7
9
4
16
24
16
10
11
12
12
4
7
4
25
4
16
6
2
3
4
7
8
4
7
9
4
16
10
17
12
12
4
7
4
12
4
7
10
11
12
12
4
7
4
11
12
22
4
4
1
26
4
19
4
16
2
3
4
5
10
17
12
4
7
4
18
12
4
7
19
4
16
6
2
3
4
7
8
4
7
9
4
16
10
11
4
10
11
4
11
4
10
11
4
1
19
4
16
2
3
4
7
2
3
4
7
2
3
4
22
4
11
12
7
4
4
7
2
3
4
11
12
7
4
4
2
3
4
11
12
8
4
7
4
4
27
7
16
2
3
4
7
2
3
4
5
10
11
12
4
4
4
15
16
6
2
3
4
7
8
4
8
12
4
4
7
9
4
16
23
8
20
12
4
4
7
16
10
17
4
12
4
4
28
7
10
17
12
4
9
4
12
4
4
18
7
24
16
10
11
4
25
4
16
10
11
12
4
4
20
4
