1
2
3
4
4
5
6
6
7
7
8
6
7
6
7
1
2
3
4
4
5
6
6
7
7
8
6
7
1
2
3
5
17
7
7
7
18
5
5
5
13
19
8
1
14
16
3
4
4
5
6
6
7
28
13
2
3
5
7
1
2
3
4
4
5
6
6
7
7
8
6
7
1
2
3
4
4
5
6
6
7
7
8
6
7
6
7
1
2
3
5
7
8
6
7
6
7
6
7
1
2
5
2
5
2
5
2
7
2
5
2
5
1
9
10
3
4
3
5
7
6
2
20
4
5
6
3
4
5
6
7
1
2
7
9
10
3
5
7
2
20
21
5
7
8
1
2
3
4
4
5
6
6
7
7
8
6
7
6
7
1
2
20
4
5
6
3
4
4
5
6
6
8
6
7
1
9
10
4
5
6
9
10
4
5
6
14
16
5
5
13
2
3
5
7
1
2
3
4
5
6
8
6
7
6
8
6
18
5
13
19
16
5
7
1
2
3
4
4
5
6
6
7
7
8
6
7
1
9
10
3
5
7
2
3
4
3
5
7
6
7
4
5
6
1
9
10
3
5
7
2
3
5
8
6
16
5
7
6
28
1
9
10
2
20
5
8
6
7
6
7
6
7
1
2
3
4
5
6
7
2
3
4
5
6
7
1
2
3
4
4
5
6
6
7
7
8
6
7
6
7
1
2
5
2
5
2
5
2
7
2
5
2
5
1
2
3
5
8
6
8
6
7
6
7
6
7
6
7
6
28
1
2
3
4
4
5
6
6
7
7
8
6
7
6
7
1
2
3
4
5
6
7
2
3
4
5
6
7
1
2
3
4
4
5
6
6
7
7
8
6
7
1
14
16
4
5
6
15
23
2
3
4
5
6
1
2
3
4
4
5
6
6
7
7
8
6
7
1
9
10
3
4
3
5
7
6
5
2
3
4
5
6
5
1
2
20
4
5
6
23
2
20
4
5
6
8
6
7
1
2
3
4
4
5
6
6
7
7
8
6
7
6
7
6
7
6
7
1
2
3
4
4
5
6
6
7
7
8
6
7
1
9
10
3
5
7
2
20
4
4
5
6
6
4
5
6
1
2
3
4
5
6
8
6
7
6
7
6
7
1
9
10
3
5
7
2
3
5
18
5
13
2
3
4
5
6
5
1
2
20
4
5
6
8
6
8
6
7
6
7
1
9
10
3
4
4
5
6
6
2
20
4
5
6
5
1
2
3
4
4
4
5
6
6
6
8
6
7
6
7
1
2
3
4
5
6
4
3
4
5
6
6
1
2
3
5
8
6
7
6
7
6
7
6
7
6
7
6
7
1
9
10
3
4
3
5
7
6
2
20
4
5
6
3
4
5
6
7
1
2
3
4
4
5
6
6
7
7
8
6
7
6
7
1
2
3
4
4
5
6
6
7
7
8
6
7
6
7
6
7
6
7
1
9
10
3
4
3
5
7
6
2
20
4
5
6
3
4
5
6
7
1
9
10
3
3
5
7
23
2
3
4
5
6
3
5
7
1
2
7
2
20
4
5
6
18
13
19
8
6
7
6
28
6
7
1
9
10
3
5
7
2
20
4
5
6
5
1
9
10
22
5
23
2
16
5
3
5
5
1
2
20
4
4
5
6
6
8
6
18
13
6
18
13
1
2
20
4
5
6
8
6
7
6
7
6
7
6
7
6
7
6
7
1
12
5
5
13
19
16
5
23
2
20
4
5
6
5
