1
2
3
5
7
8
6
7
6
7
1
2
20
4
5
6
17
23
1
2
20
5
22
4
5
6
7
1
2
3
4
5
6
7
8
6
7
1
2
3
5
7
8
6
7
6
7
1
2
3
5
7
8
6
7
6
7
1
2
3
5
7
8
6
7
6
7
1
2
20
4
5
6
7
1
2
20
4
5
6
5
1
2
3
5
8
6
7
6
7
1
14
5
2
3
5
1
2
3
5
7
8
6
7
6
7
1
2
20
4
5
6
3
5
7
1
2
3
5
8
6
7
6
7
1
2
3
5
7
8
6
7
1
19
5
31
1
2
20
4
5
6
28
1
2
3
5
7
1
2
3
5
8
6
7
6
7
1
12
5
13
2
7
1
41
22
5
7
1
2
20
4
5
6
3
5
7
1
2
5
12
5
13
19
4
33
6
1
2
3
5
8
6
7
1
2
3
5
7
8
6
7
1
2
3
4
5
6
7
8
6
7
1
2
20
4
5
6
8
6
8
1
2
3
5
8
6
7
6
7
1
2
3
5
17
7
7
18
13
1
2
15
15
5
1
2
20
5
7
1
2
7
2
3
4
5
6
7
17
1
2
3
5
7
8
6
7
6
7
1
2
3
5
7
8
6
7
1
2
20
4
5
6
8
6
7
1
2
3
5
8
6
7
1
2
20
4
5
6
3
5
7
1
2
20
4
5
6
7
1
2
3
4
5
6
7
8
6
7
1
2
20
5
28
1
2
20
4
5
6
7
1
2
3
4
5
6
7
1
2
20
4
5
6
5
1
2
20
4
5
6
7
1
2
20
4
5
6
7
1
2
3
4
5
6
7
8
6
7
1
13
43
2
36
7
5
2
7
1
2
20
4
5
6
7
1
12
5
13
19
3
4
5
6
1
2
3
5
7
8
6
7
