2, 1
1, 2
3, 2
2, 3
4, 3
5, 3
6, 3
3, 4
3, 5
3, 6
7, 6
9, 6
6, 7
8, 7
7, 8
6, 9
10, 9
9, 10
12, 11
11, 12
13, 12
12, 13
14, 13
17, 13
13, 14
15, 14
16, 14
14, 15
14, 16
13, 17
18, 17
17, 18
20, 19
19, 20
21, 20
20, 21
22, 21
23, 21
21, 22
21, 23
24, 23
27, 23
23, 24
25, 24
26, 24
24, 25
24, 26
23, 27
29, 28
28, 29
30, 29
29, 30
31, 30
34, 30
35, 30
30, 31
32, 31
33, 31
31, 32
31, 33
30, 34
30, 35
36, 35
35, 36
37, 36
36, 37
39, 38
38, 39
40, 39
39, 40
41, 40
42, 40
43, 40
40, 41
40, 42
40, 43
44, 43
46, 43
43, 44
45, 44
44, 45
43, 46
47, 46
46, 47
49, 48
48, 49
50, 49
49, 50
51, 50
52, 50
53, 50
50, 51
50, 52
50, 53
54, 53
56, 53
53, 54
55, 54
54, 55
53, 56
57, 56
56, 57
59, 58
58, 59
60, 59
59, 60
61, 60
62, 60
63, 60
60, 61
60, 62
60, 63
64, 63
66, 63
63, 64
65, 64
64, 65
63, 66
67, 66
66, 67
69, 68
68, 69
70, 69
69, 70
71, 70
74, 70
70, 71
72, 71
73, 71
71, 72
71, 73
70, 74
76, 75
75, 76
77, 76
76, 77
78, 77
81, 77
77, 78
79, 78
80, 78
78, 79
78, 80
77, 81
83, 82
82, 83
84, 83
83, 84
85, 84
86, 84
84, 85
84, 86
87, 86
89, 86
86, 87
88, 87
87, 88
86, 89
90, 89
89, 90
92, 91
91, 92
93, 92
94, 92
92, 93
92, 94
95, 94
94, 95
96, 95
95, 96
98, 97
97, 98
99, 98
98, 99
100, 99
101, 99
102, 99
99, 100
99, 101
99, 102
103, 102
105, 102
102, 103
104, 103
103, 104
102, 105
106, 105
105, 106
108, 107
107, 108
109, 108
108, 109
110, 109
113, 109
109, 110
111, 110
112, 110
110, 111
110, 112
109, 113
114, 113
115, 113
113, 114
113, 115
117, 116
116, 117
118, 117
117, 118
119, 118
120, 118
118, 119
118, 120
121, 120
123, 120
120, 121
122, 121
121, 122
120, 123
124, 123
123, 124
126, 125
125, 126
127, 126
126, 127
128, 127
129, 127
130, 127
127, 128
127, 129
127, 130
131, 130
130, 131
132, 131
131, 132
134, 133
136, 133
133, 134
135, 134
134, 135
133, 136
138, 137
137, 138
139, 138
138, 139
140, 139
143, 139
139, 140
141, 140
142, 140
140, 141
140, 142
139, 143
145, 144
144, 145
146, 145
145, 146
147, 146
148, 146
146, 147
146, 148
150, 149
149, 150
151, 150
150, 151
152, 151
153, 151
151, 152
151, 153
154, 153
156, 153
153, 154
155, 154
154, 155
153, 156
157, 156
156, 157
159, 158
158, 159
160, 159
161, 159
159, 160
159, 161
162, 161
161, 162
163, 162
162, 163
165, 164
164, 165
166, 165
165, 166
167, 166
168, 166
166, 167
166, 168
170, 169
169, 170
171, 170
170, 171
172, 171
175, 171
171, 172
173, 172
174, 172
172, 173
172, 174
171, 175
176, 175
177, 175
175, 176
175, 177
179, 178
181, 178
178, 179
180, 179
179, 180
178, 181
182, 181
183, 181
181, 182
181, 183
184, 183
183, 184
185, 184
184, 185
186, 185
187, 185
185, 186
185, 187
189, 188
188, 189
190, 189
189, 190
191, 190
192, 190
190, 191
190, 192
193, 192
192, 193
194, 193
193, 194
196, 195
195, 196
197, 196
196, 197
198, 197
199, 197
200, 197
197, 198
197, 199
197, 200
201, 200
200, 201
202, 201
201, 202
204, 203
203, 204
205, 204
204, 205
206, 205
209, 205
210, 205
205, 206
207, 206
208, 206
206, 207
206, 208
205, 209
205, 210
211, 210
210, 211
212, 211
211, 212
214, 213
213, 214
215, 214
214, 215
216, 215
219, 215
215, 216
217, 216
218, 216
216, 217
216, 218
215, 219
220, 219
219, 220
221, 220
220, 221
223, 222
222, 223
224, 223
223, 224
225, 224
226, 224
224, 225
224, 226
227, 226
229, 226
226, 227
228, 227
227, 228
226, 229
230, 229
229, 230
232, 231
231, 232
233, 232
232, 233
234, 233
235, 233
238, 233
233, 234
233, 235
236, 235
237, 235
235, 236
235, 237
233, 238
239, 238
238, 239
241, 240
240, 241
242, 241
241, 242
243, 242
242, 243
244, 243
243, 244
246, 245
245, 246
247, 246
246, 247
248, 247
249, 247
247, 248
247, 249
251, 250
253, 250
250, 251
252, 251
251, 252
250, 253
254, 253
253, 254
255, 254
258, 254
259, 254
254, 255
256, 255
257, 255
255, 256
255, 257
254, 258
254, 259
261, 260
260, 261
262, 261
261, 262
263, 262
264, 262
265, 262
262, 263
262, 264
262, 265
266, 265
268, 265
265, 266
267, 266
266, 267
265, 268
269, 268
268, 269
271, 270
270, 271
272, 271
271, 272
273, 272
274, 272
275, 272
272, 273
272, 274
272, 275
276, 275
275, 276
277, 276
276, 277
279, 278
278, 279
280, 279
279, 280
281, 280
284, 280
280, 281
282, 281
283, 281
281, 282
281, 283
280, 284
285, 284
284, 285
286, 285
285, 286
288, 287
287, 288
289, 288
288, 289
290, 289
291, 289
289, 290
289, 291
292, 291
291, 292
293, 292
292, 293
295, 294
294, 295
296, 295
295, 296
297, 296
300, 296
296, 297
298, 297
299, 297
297, 298
297, 299
296, 300
301, 300
302, 300
300, 301
300, 302
304, 303
303, 304
305, 304
304, 305
306, 305
309, 305
305, 306
307, 306
308, 306
306, 307
306, 308
305, 309
311, 310
310, 311
312, 311
311, 312
313, 312
316, 312
317, 312
312, 313
314, 313
315, 313
313, 314
313, 315
312, 316
312, 317
318, 317
317, 318
319, 318
318, 319
321, 320
320, 321
322, 321
321, 322
323, 322
324, 322
322, 323
322, 324
326, 325
325, 326
327, 326
326, 327
328, 327
331, 327
327, 328
329, 328
330, 328
328, 329
328, 330
327, 331
333, 332
332, 333
334, 333
333, 334
335, 334
338, 334
334, 335
336, 335
337, 335
335, 336
335, 337
334, 338
340, 339
339, 340
341, 340
340, 341
342, 341
345, 341
341, 342
343, 342
344, 342
342, 343
342, 344
341, 345
347, 346
346, 347
348, 347
347, 348
349, 348
352, 348
348, 349
350, 349
351, 349
349, 350
349, 351
348, 352
354, 353
353, 354
355, 354
354, 355
356, 355
359, 355
355, 356
357, 356
358, 356
356, 357
356, 358
355, 359
361, 360
360, 361
362, 361
361, 362
363, 362
366, 362
367, 362
362, 363
364, 363
365, 363
363, 364
363, 365
362, 366
362, 367
368, 367
367, 368
369, 368
368, 369
371, 370
370, 371
372, 371
377, 371
371, 372
373, 372
372, 373
374, 373
373, 374
375, 374
376, 374
374, 375
374, 376
371, 377
378, 377
377, 378
380, 379
379, 380
381, 380
380, 381
382, 381
385, 381
381, 382
383, 382
384, 382
382, 383
382, 384
381, 385
387, 386
386, 387
388, 387
389, 387
387, 388
387, 389
390, 389
389, 390
391, 390
390, 391
392, 391
391, 392
393, 392
394, 392
392, 393
392, 394
396, 395
395, 396
397, 396
396, 397
398, 397
399, 397
400, 397
397, 398
397, 399
397, 400
401, 400
400, 401
402, 401
401, 402
