2, 1
42, 1
58, 1
1, 2
3, 2
4, 2
5, 2
6, 2
2, 3
2, 4
2, 5
2, 6
7, 6
13, 6
24, 6
30, 6
36, 6
6, 7
8, 7
7, 8
9, 8
12, 8
8, 9
10, 9
11, 9
9, 10
9, 11
8, 12
6, 13
14, 13
18, 13
21, 13
23, 13
13, 14
15, 14
14, 15
16, 15
17, 15
15, 16
15, 17
13, 18
19, 18
20, 18
18, 19
18, 20
13, 21
22, 21
21, 22
13, 23
6, 24
25, 24
24, 25
26, 25
29, 25
25, 26
27, 26
28, 26
26, 27
26, 28
25, 29
6, 30
31, 30
30, 31
32, 31
35, 31
31, 32
33, 32
34, 32
32, 33
32, 34
31, 35
6, 36
37, 36
36, 37
38, 37
41, 37
37, 38
39, 38
40, 38
38, 39
38, 40
37, 41
1, 42
43, 42
47, 42
50, 42
52, 42
42, 43
44, 43
43, 44
45, 44
46, 44
44, 45
44, 46
42, 47
48, 47
49, 47
47, 48
47, 49
42, 50
51, 50
50, 51
42, 52
53, 52
52, 53
54, 53
53, 54
55, 54
56, 54
57, 54
54, 55
54, 56
54, 57
1, 58
59, 58
58, 59
60, 59
61, 59
59, 60
59, 61
62, 61
63, 61
64, 61
61, 62
61, 63
61, 64
66, 65
96, 65
171, 65
65, 66
67, 66
68, 66
69, 66
70, 66
66, 67
66, 68
66, 69
66, 70
71, 70
76, 70
82, 70
90, 70
70, 71
72, 71
71, 72
73, 72
74, 72
72, 73
72, 74
75, 74
74, 75
70, 76
77, 76
76, 77
78, 77
81, 77
77, 78
79, 78
80, 78
78, 79
78, 80
77, 81
70, 82
83, 82
82, 83
84, 83
85, 83
83, 84
83, 85
86, 85
89, 85
85, 86
87, 86
88, 86
86, 87
86, 88
85, 89
70, 90
91, 90
90, 91
92, 91
95, 91
91, 92
93, 92
94, 92
92, 93
92, 94
91, 95
65, 96
97, 96
98, 96
96, 97
96, 98
99, 98
123, 98
130, 98
135, 98
145, 98
154, 98
160, 98
165, 98
98, 99
100, 99
104, 99
107, 99
109, 99
99, 100
101, 100
100, 101
102, 101
103, 101
101, 102
101, 103
99, 104
105, 104
106, 104
104, 105
104, 106
99, 107
108, 107
107, 108
99, 109
110, 109
117, 109
109, 110
111, 110
110, 111
112, 111
113, 111
111, 112
111, 113
114, 113
115, 113
116, 113
113, 114
113, 115
113, 116
109, 117
118, 117
117, 118
119, 118
120, 118
121, 118
118, 119
118, 120
118, 121
122, 121
121, 122
98, 123
124, 123
123, 124
125, 124
126, 124
124, 125
124, 126
127, 126
128, 126
129, 126
126, 127
126, 128
126, 129
98, 130
131, 130
130, 131
132, 131
133, 131
131, 132
131, 133
134, 133
133, 134
98, 135
136, 135
135, 136
137, 136
140, 136
136, 137
138, 137
139, 137
137, 138
137, 139
136, 140
141, 140
144, 140
140, 141
142, 141
143, 141
141, 142
141, 143
140, 144
98, 145
146, 145
145, 146
147, 146
150, 146
146, 147
148, 147
149, 147
147, 148
147, 149
146, 150
151, 150
152, 150
153, 150
150, 151
150, 152
150, 153
98, 154
155, 154
154, 155
156, 155
159, 155
155, 156
157, 156
158, 156
156, 157
156, 158
155, 159
98, 160
161, 160
160, 161
162, 161
163, 161
164, 161
161, 162
161, 163
161, 164
98, 165
166, 165
165, 166
167, 166
170, 166
166, 167
168, 167
169, 167
167, 168
167, 169
166, 170
65, 171
172, 171
171, 172
173, 172
172, 173
175, 174
231, 174
329, 174
336, 174
342, 174
174, 175
176, 175
177, 175
178, 175
175, 176
175, 177
175, 178
179, 178
185, 178
191, 178
197, 178
203, 178
207, 178
229, 178
178, 179
180, 179
179, 180
181, 180
182, 180
180, 181
180, 182
183, 182
184, 182
182, 183
182, 184
178, 185
186, 185
185, 186
187, 186
188, 186
186, 187
186, 188
189, 188
190, 188
188, 189
188, 190
178, 191
192, 191
191, 192
193, 192
194, 192
192, 193
192, 194
195, 194
196, 194
194, 195
194, 196
178, 197
198, 197
197, 198
199, 198
202, 198
198, 199
200, 199
201, 199
199, 200
199, 201
198, 202
178, 203
204, 203
203, 204
205, 204
206, 204
204, 205
204, 206
178, 207
208, 207
211, 207
214, 207
216, 207
207, 208
209, 208
210, 208
208, 209
208, 210
207, 211
212, 211
213, 211
211, 212
211, 213
207, 214
215, 214
214, 215
207, 216
217, 216
216, 217
218, 217
217, 218
219, 218
220, 218
218, 219
218, 220
221, 220
228, 220
220, 221
222, 221
227, 221
221, 222
223, 222
224, 222
222, 223
222, 224
225, 224
226, 224
224, 225
224, 226
221, 227
220, 228
178, 229
230, 229
229, 230
174, 231
232, 231
233, 231
234, 231
231, 232
231, 233
231, 234
235, 234
239, 234
256, 234
262, 234
267, 234
285, 234
291, 234
315, 234
323, 234
234, 235
236, 235
235, 236
237, 236
238, 236
236, 237
236, 238
234, 239
240, 239
244, 239
247, 239
249, 239
239, 240
241, 240
240, 241
242, 241
243, 241
241, 242
241, 243
239, 244
245, 244
246, 244
244, 245
244, 246
239, 247
248, 247
247, 248
239, 249
250, 249
249, 250
251, 250
250, 251
252, 251
255, 251
251, 252
253, 252
254, 252
252, 253
252, 254
251, 255
234, 256
257, 256
256, 257
258, 257
259, 257
257, 258
257, 259
260, 259
261, 259
259, 260
259, 261
234, 262
263, 262
262, 263
264, 263
265, 263
263, 264
263, 265
266, 265
265, 266
234, 267
268, 267
267, 268
269, 268
274, 268
268, 269
270, 269
271, 269
269, 270
269, 271
272, 271
273, 271
271, 272
271, 273
268, 274
275, 274
274, 275
276, 275
283, 275
275, 276
277, 276
276, 277
278, 277
279, 277
277, 278
277, 279
280, 279
281, 279
282, 279
279, 280
279, 281
279, 282
275, 283
284, 283
283, 284
234, 285
286, 285
285, 286
287, 286
290, 286
286, 287
288, 287
289, 287
287, 288
287, 289
286, 290
234, 291
292, 291
291, 292
293, 292
296, 292
299, 292
292, 293
294, 293
295, 293
293, 294
293, 295
292, 296
297, 296
298, 296
296, 297
296, 298
292, 299
300, 299
299, 300
301, 300
307, 300
313, 300
300, 301
302, 301
301, 302
303, 302
306, 302
302, 303
304, 303
305, 303
303, 304
303, 305
302, 306
300, 307
308, 307
307, 308
309, 308
312, 308
308, 309
310, 309
311, 309
309, 310
309, 311
308, 312
300, 313
314, 313
313, 314
234, 315
316, 315
315, 316
317, 316
318, 316
316, 317
316, 318
319, 318
322, 318
318, 319
320, 319
321, 319
319, 320
319, 321
318, 322
234, 323
324, 323
323, 324
325, 324
326, 324
324, 325
324, 326
327, 326
328, 326
326, 327
326, 328
174, 329
330, 329
329, 330
331, 330
332, 330
330, 331
330, 332
333, 332
334, 332
335, 332
332, 333
332, 334
332, 335
174, 336
337, 336
336, 337
338, 337
339, 337
337, 338
337, 339
340, 339
341, 339
339, 340
339, 341
174, 342
343, 342
342, 343
344, 343
347, 343
343, 344
345, 344
346, 344
344, 345
344, 346
343, 347
349, 348
353, 348
371, 348
348, 349
350, 349
349, 350
351, 350
352, 350
350, 351
350, 352
348, 353
354, 353
358, 353
361, 353
363, 353
353, 354
355, 354
354, 355
356, 355
357, 355
355, 356
355, 357
353, 358
359, 358
360, 358
358, 359
358, 360
353, 361
362, 361
361, 362
353, 363
364, 363
363, 364
365, 364
368, 364
364, 365
366, 365
367, 365
365, 366
365, 367
364, 368
369, 368
370, 368
368, 369
368, 370
348, 371
372, 371
371, 372
373, 372
374, 372
372, 373
372, 374
375, 374
378, 374
379, 374
374, 375
376, 375
377, 375
375, 376
375, 377
374, 378
374, 379
380, 379
379, 380
381, 380
382, 380
380, 381
380, 382
383, 382
382, 383
384, 383
390, 383
383, 384
385, 384
384, 385
386, 385
389, 385
385, 386
387, 386
388, 386
386, 387
386, 388
385, 389
383, 390
391, 390
390, 391
393, 392
415, 392
479, 392
392, 393
394, 393
395, 393
396, 393
397, 393
398, 393
393, 394
393, 395
393, 396
393, 397
393, 398
399, 398
405, 398
409, 398
398, 399
400, 399
399, 400
401, 400
404, 400
400, 401
402, 401
403, 401
401, 402
401, 403
400, 404
398, 405
406, 405
407, 405
408, 405
405, 406
405, 407
405, 408
398, 409
410, 409
409, 410
411, 410
414, 410
410, 411
412, 411
413, 411
411, 412
411, 413
410, 414
392, 415
416, 415
417, 415
415, 416
415, 417
418, 417
446, 417
456, 417
461, 417
467, 417
473, 417
417, 418
419, 418
423, 418
426, 418
428, 418
418, 419
420, 419
419, 420
421, 420
422, 420
420, 421
420, 422
418, 423
424, 423
425, 423
423, 424
423, 425
418, 426
427, 426
426, 427
418, 428
429, 428
439, 428
428, 429
430, 429
429, 430
431, 430
432, 430
430, 431
430, 432
433, 432
436, 432
432, 433
434, 433
435, 433
433, 434
433, 435
432, 436
437, 436
438, 436
436, 437
436, 438
428, 439
440, 439
439, 440
441, 440
442, 440
443, 440
445, 440
440, 441
440, 442
440, 443
444, 443
443, 444
440, 445
417, 446
447, 446
446, 447
448, 447
449, 447
447, 448
447, 449
450, 449
453, 449
449, 450
451, 450
452, 450
450, 451
450, 452
449, 453
454, 453
455, 453
453, 454
453, 455
417, 456
457, 456
456, 457
458, 457
459, 457
457, 458
457, 459
460, 459
459, 460
417, 461
462, 461
461, 462
463, 462
466, 462
462, 463
464, 463
465, 463
463, 464
463, 465
462, 466
417, 467
468, 467
467, 468
469, 468
470, 468
471, 468
472, 468
468, 469
468, 470
468, 471
468, 472
417, 473
474, 473
473, 474
475, 474
476, 474
474, 475
474, 476
477, 476
478, 476
476, 477
476, 478
392, 479
480, 479
479, 480
481, 480
480, 481
483, 482
508, 482
622, 482
482, 483
484, 483
485, 483
486, 483
487, 483
483, 484
483, 485
483, 486
483, 487
488, 487
494, 487
500, 487
506, 487
487, 488
489, 488
488, 489
490, 489
493, 489
489, 490
491, 490
492, 490
490, 491
490, 492
489, 493
487, 494
495, 494
494, 495
496, 495
497, 495
495, 496
495, 497
498, 497
499, 497
497, 498
497, 499
487, 500
501, 500
500, 501
502, 501
505, 501
501, 502
503, 502
504, 502
502, 503
502, 504
501, 505
487, 506
507, 506
506, 507
482, 508
509, 508
510, 508
508, 509
508, 510
511, 510
527, 510
534, 510
540, 510
546, 510
553, 510
557, 510
563, 510
584, 510
600, 510
510, 511
512, 511
511, 512
513, 512
514, 512
512, 513
512, 514
515, 514
526, 514
514, 515
516, 515
521, 515
515, 516
517, 516
520, 516
516, 517
518, 517
519, 517
517, 518
517, 519
516, 520
515, 521
522, 521
525, 521
521, 522
523, 522
524, 522
522, 523
522, 524
521, 525
514, 526
510, 527
528, 527
527, 528
529, 528
532, 528
528, 529
530, 529
531, 529
529, 530
529, 531
528, 532
533, 532
532, 533
510, 534
535, 534
534, 535
536, 535
537, 535
535, 536
535, 537
538, 537
539, 537
537, 538
537, 539
510, 540
541, 540
540, 541
542, 541
543, 541
541, 542
541, 543
544, 543
545, 543
543, 544
543, 545
510, 546
547, 546
546, 547
548, 547
549, 547
547, 548
547, 549
550, 549
549, 550
551, 550
552, 550
550, 551
550, 552
510, 553
554, 553
553, 554
555, 554
556, 554
554, 555
554, 556
510, 557
558, 557
557, 558
559, 558
562, 558
558, 559
560, 559
561, 559
559, 560
559, 561
558, 562
510, 563
564, 563
563, 564
565, 564
568, 564
564, 565
566, 565
567, 565
565, 566
565, 567
564, 568
569, 568
570, 568
571, 568
568, 569
568, 570
568, 571
572, 571
571, 572
573, 572
574, 572
572, 573
572, 574
575, 574
574, 575
576, 575
582, 575
575, 576
577, 576
576, 577
578, 577
581, 577
577, 578
579, 578
580, 578
578, 579
578, 580
577, 581
575, 582
583, 582
582, 583
510, 584
585, 584
589, 584
592, 584
594, 584
584, 585
586, 585
585, 586
587, 586
588, 586
586, 587
586, 588
584, 589
590, 589
591, 589
589, 590
589, 591
584, 592
593, 592
592, 593
584, 594
595, 594
594, 595
596, 595
595, 596
597, 596
598, 596
599, 596
596, 597
596, 598
596, 599
510, 600
601, 600
600, 601
602, 601
603, 601
621, 601
601, 602
601, 603
604, 603
603, 604
605, 604
610, 604
615, 604
604, 605
606, 605
605, 606
607, 606
606, 607
608, 607
609, 607
607, 608
607, 609
604, 610
611, 610
610, 611
612, 611
613, 611
614, 611
611, 612
611, 613
611, 614
604, 615
616, 615
615, 616
617, 616
618, 616
616, 617
616, 618
619, 618
620, 618
618, 619
618, 620
601, 621
482, 622
623, 622
622, 623
624, 623
623, 624
626, 625
628, 625
658, 625
714, 625
625, 626
627, 626
626, 627
625, 628
629, 628
630, 628
631, 628
632, 628
633, 628
628, 629
628, 630
628, 631
628, 632
628, 633
634, 633
640, 633
646, 633
652, 633
633, 634
635, 634
634, 635
636, 635
639, 635
635, 636
637, 636
638, 636
636, 637
636, 638
635, 639
633, 640
641, 640
640, 641
642, 641
645, 641
641, 642
643, 642
644, 642
642, 643
642, 644
641, 645
633, 646
647, 646
646, 647
648, 647
651, 647
647, 648
649, 648
650, 648
648, 649
648, 650
647, 651
633, 652
653, 652
652, 653
654, 653
657, 653
653, 654
655, 654
656, 654
654, 655
654, 656
653, 657
625, 658
659, 658
660, 658
658, 659
658, 660
661, 660
667, 660
673, 660
689, 660
707, 660
660, 661
662, 661
661, 662
663, 662
664, 662
662, 663
662, 664
665, 664
666, 664
664, 665
664, 666
660, 667
668, 667
667, 668
669, 668
670, 668
668, 669
668, 670
671, 670
672, 670
670, 671
670, 672
660, 673
674, 673
678, 673
681, 673
683, 673
673, 674
675, 674
674, 675
676, 675
677, 675
675, 676
675, 677
673, 678
679, 678
680, 678
678, 679
678, 680
673, 681
682, 681
681, 682
673, 683
684, 683
683, 684
685, 684
686, 684
687, 684
688, 684
684, 685
684, 686
684, 687
684, 688
660, 689
690, 689
689, 690
691, 690
692, 690
693, 690
694, 690
690, 691
690, 692
690, 693
690, 694
695, 694
694, 695
696, 695
697, 695
695, 696
695, 697
698, 697
697, 698
699, 698
705, 698
698, 699
700, 699
699, 700
701, 700
704, 700
700, 701
702, 701
703, 701
701, 702
701, 703
700, 704
698, 705
706, 705
705, 706
660, 707
708, 707
707, 708
709, 708
708, 709
710, 709
713, 709
709, 710
711, 710
712, 710
710, 711
710, 712
709, 713
625, 714
715, 714
714, 715
716, 715
715, 716
718, 717
721, 717
740, 717
717, 718
719, 718
720, 718
718, 719
718, 720
717, 721
722, 721
723, 721
724, 721
721, 722
721, 723
721, 724
725, 724
731, 724
734, 724
724, 725
726, 725
725, 726
727, 726
730, 726
726, 727
728, 727
729, 727
727, 728
727, 729
726, 730
724, 731
732, 731
731, 732
733, 732
732, 733
724, 734
735, 734
734, 735
736, 735
739, 735
735, 736
737, 736
738, 736
736, 737
736, 738
735, 739
717, 740
741, 740
742, 740
740, 741
740, 742
743, 742
748, 742
769, 742
775, 742
779, 742
742, 743
744, 743
743, 744
745, 744
746, 744
744, 745
744, 746
747, 746
746, 747
742, 748
749, 748
753, 748
756, 748
758, 748
748, 749
750, 749
749, 750
751, 750
752, 750
750, 751
750, 752
748, 753
754, 753
755, 753
753, 754
753, 755
748, 756
757, 756
756, 757
748, 758
759, 758
765, 758
758, 759
760, 759
759, 760
761, 760
764, 760
760, 761
762, 761
763, 761
761, 762
761, 763
760, 764
758, 765
766, 765
765, 766
767, 766
768, 766
766, 767
766, 768
742, 769
770, 769
769, 770
771, 770
774, 770
770, 771
772, 771
773, 771
771, 772
771, 773
770, 774
742, 775
776, 775
775, 776
777, 776
778, 776
776, 777
776, 778
742, 779
780, 779
779, 780
781, 780
782, 780
780, 781
780, 782
784, 783
811, 783
783, 784
785, 784
786, 784
784, 785
784, 786
787, 786
791, 786
786, 787
788, 787
787, 788
789, 788
790, 788
788, 789
788, 790
786, 791
792, 791
795, 791
799, 791
791, 792
793, 792
792, 793
794, 793
793, 794
791, 795
796, 795
795, 796
797, 796
798, 796
796, 797
796, 798
791, 799
800, 799
805, 799
799, 800
801, 800
802, 800
804, 800
800, 801
800, 802
803, 802
802, 803
800, 804
799, 805
806, 805
805, 806
807, 806
808, 806
806, 807
806, 808
809, 808
810, 808
808, 809
808, 810
783, 811
812, 811
811, 812
813, 812
812, 813
815, 814
828, 814
840, 814
847, 814
854, 814
860, 814
866, 814
814, 815
816, 815
815, 816
817, 816
818, 816
816, 817
816, 818
819, 818
820, 818
821, 818
822, 818
823, 818
824, 818
825, 818
826, 818
827, 818
818, 819
818, 820
818, 821
818, 822
818, 823
818, 824
818, 825
818, 826
818, 827
814, 828
829, 828
828, 829
830, 829
831, 829
829, 830
829, 831
832, 831
831, 832
833, 832
834, 832
832, 833
832, 834
835, 834
836, 834
837, 834
834, 835
834, 836
834, 837
838, 837
837, 838
839, 838
838, 839
814, 840
841, 840
840, 841
842, 841
843, 841
841, 842
841, 843
844, 843
845, 843
846, 843
843, 844
843, 845
843, 846
814, 847
848, 847
847, 848
849, 848
850, 848
848, 849
848, 850
851, 850
852, 850
853, 850
850, 851
850, 852
850, 853
814, 854
855, 854
854, 855
856, 855
859, 855
855, 856
857, 856
858, 856
856, 857
856, 858
855, 859
814, 860
861, 860
860, 861
862, 861
865, 861
861, 862
863, 862
864, 862
862, 863
862, 864
861, 865
814, 866
867, 866
866, 867
868, 867
873, 867
867, 868
869, 868
872, 868
868, 869
870, 869
871, 869
869, 870
869, 871
868, 872
867, 873
875, 874
877, 874
907, 874
963, 874
874, 875
876, 875
875, 876
874, 877
878, 877
879, 877
880, 877
881, 877
882, 877
877, 878
877, 879
877, 880
877, 881
877, 882
883, 882
889, 882
895, 882
901, 882
882, 883
884, 883
883, 884
885, 884
888, 884
884, 885
886, 885
887, 885
885, 886
885, 887
884, 888
882, 889
890, 889
889, 890
891, 890
894, 890
890, 891
892, 891
893, 891
891, 892
891, 893
890, 894
882, 895
896, 895
895, 896
897, 896
900, 896
896, 897
898, 897
899, 897
897, 898
897, 899
896, 900
882, 901
902, 901
901, 902
903, 902
906, 902
902, 903
904, 903
905, 903
903, 904
903, 905
902, 906
874, 907
908, 907
909, 907
907, 908
907, 909
910, 909
916, 909
922, 909
938, 909
956, 909
909, 910
911, 910
910, 911
912, 911
913, 911
911, 912
911, 913
914, 913
915, 913
913, 914
913, 915
909, 916
917, 916
916, 917
918, 917
919, 917
917, 918
917, 919
920, 919
921, 919
919, 920
919, 921
909, 922
923, 922
927, 922
930, 922
932, 922
922, 923
924, 923
923, 924
925, 924
926, 924
924, 925
924, 926
922, 927
928, 927
929, 927
927, 928
927, 929
922, 930
931, 930
930, 931
922, 932
933, 932
932, 933
934, 933
935, 933
936, 933
937, 933
933, 934
933, 935
933, 936
933, 937
909, 938
939, 938
938, 939
940, 939
941, 939
942, 939
943, 939
939, 940
939, 941
939, 942
939, 943
944, 943
943, 944
945, 944
946, 944
944, 945
944, 946
947, 946
946, 947
948, 947
954, 947
947, 948
949, 948
948, 949
950, 949
953, 949
949, 950
951, 950
952, 950
950, 951
950, 952
949, 953
947, 954
955, 954
954, 955
909, 956
957, 956
956, 957
958, 957
957, 958
959, 958
962, 958
958, 959
960, 959
961, 959
959, 960
959, 961
958, 962
874, 963
964, 963
963, 964
965, 964
964, 965
967, 966
989, 966
1026, 966
966, 967
968, 967
969, 967
970, 967
967, 968
967, 969
967, 970
971, 970
977, 970
983, 970
970, 971
972, 971
971, 972
973, 972
976, 972
972, 973
974, 973
975, 973
973, 974
973, 975
972, 976
970, 977
978, 977
977, 978
979, 978
982, 978
978, 979
980, 979
981, 979
979, 980
979, 981
978, 982
970, 983
984, 983
983, 984
985, 984
988, 984
984, 985
986, 985
987, 985
985, 986
985, 987
984, 988
966, 989
990, 989
991, 989
989, 990
989, 991
992, 991
997, 991
1015, 991
1022, 991
991, 992
993, 992
992, 993
994, 993
995, 993
993, 994
993, 995
996, 995
995, 996
991, 997
998, 997
1002, 997
1005, 997
1007, 997
997, 998
999, 998
998, 999
1000, 999
1001, 999
999, 1000
999, 1001
997, 1002
1003, 1002
1004, 1002
1002, 1003
1002, 1004
997, 1005
1006, 1005
1005, 1006
997, 1007
1008, 1007
1007, 1008
1009, 1008
1008, 1009
1010, 1009
1013, 1009
1014, 1009
1009, 1010
1011, 1010
1012, 1010
1010, 1011
1010, 1012
1009, 1013
1009, 1014
991, 1015
1016, 1015
1015, 1016
1017, 1016
1020, 1016
1021, 1016
1016, 1017
1018, 1017
1019, 1017
1017, 1018
1017, 1019
1016, 1020
1016, 1021
991, 1022
1023, 1022
1022, 1023
1024, 1023
1025, 1023
1023, 1024
1023, 1025
966, 1026
1027, 1026
1026, 1027
1028, 1027
1027, 1028
1030, 1029
1054, 1029
1110, 1029
1114, 1029
1120, 1029
1126, 1029
1132, 1029
1029, 1030
1031, 1030
1032, 1030
1030, 1031
1030, 1032
1033, 1032
1032, 1033
1034, 1033
1038, 1033
1041, 1033
1043, 1033
1033, 1034
1035, 1034
1034, 1035
1036, 1035
1037, 1035
1035, 1036
1035, 1037
1033, 1038
1039, 1038
1040, 1038
1038, 1039
1038, 1040
1033, 1041
1042, 1041
1041, 1042
1033, 1043
1044, 1043
1043, 1044
1045, 1044
1044, 1045
1046, 1045
1047, 1045
1045, 1046
1045, 1047
1048, 1047
1049, 1047
1047, 1048
1047, 1049
1050, 1049
1053, 1049
1049, 1050
1051, 1050
1052, 1050
1050, 1051
1050, 1052
1049, 1053
1029, 1054
1055, 1054
1056, 1054
1057, 1054
1054, 1055
1054, 1056
1054, 1057
1058, 1057
1069, 1057
1076, 1057
1079, 1057
1085, 1057
1057, 1058
1059, 1058
1063, 1058
1066, 1058
1068, 1058
1058, 1059
1060, 1059
1059, 1060
1061, 1060
1062, 1060
1060, 1061
1060, 1062
1058, 1063
1064, 1063
1065, 1063
1063, 1064
1063, 1065
1058, 1066
1067, 1066
1066, 1067
1058, 1068
1057, 1069
1070, 1069
1069, 1070
1071, 1070
1072, 1070
1070, 1071
1070, 1072
1073, 1072
1072, 1073
1074, 1073
1075, 1073
1073, 1074
1073, 1075
1057, 1076
1077, 1076
1076, 1077
1078, 1077
1077, 1078
1057, 1079
1080, 1079
1079, 1080
1081, 1080
1084, 1080
1080, 1081
1082, 1081
1083, 1081
1081, 1082
1081, 1083
1080, 1084
1057, 1085
1086, 1085
1089, 1085
1090, 1085
1085, 1086
1087, 1086
1086, 1087
1088, 1087
1087, 1088
1085, 1089
1085, 1090
1091, 1090
1097, 1090
1100, 1090
1106, 1090
1090, 1091
1092, 1091
1091, 1092
1093, 1092
1096, 1092
1092, 1093
1094, 1093
1095, 1093
1093, 1094
1093, 1095
1092, 1096
1090, 1097
1098, 1097
1097, 1098
1099, 1098
1098, 1099
1090, 1100
1101, 1100
1100, 1101
1102, 1101
1105, 1101
1101, 1102
1103, 1102
1104, 1102
1102, 1103
1102, 1104
1101, 1105
1090, 1106
1107, 1106
1106, 1107
1108, 1107
1109, 1107
1107, 1108
1107, 1109
1029, 1110
1111, 1110
1110, 1111
1112, 1111
1113, 1111
1111, 1112
1111, 1113
1029, 1114
1115, 1114
1114, 1115
1116, 1115
1117, 1115
1115, 1116
1115, 1117
1118, 1117
1119, 1117
1117, 1118
1117, 1119
1029, 1120
1121, 1120
1120, 1121
1122, 1121
1125, 1121
1121, 1122
1123, 1122
1124, 1122
1122, 1123
1122, 1124
1121, 1125
1029, 1126
1127, 1126
1126, 1127
1128, 1127
1129, 1127
1127, 1128
1127, 1129
1130, 1129
1131, 1129
1129, 1130
1129, 1131
1029, 1132
1133, 1132
1132, 1133
1134, 1133
1135, 1133
1133, 1134
1133, 1135
1137, 1136
1154, 1136
1188, 1136
1136, 1137
1138, 1137
1139, 1137
1140, 1137
1141, 1137
1137, 1138
1137, 1139
1137, 1140
1137, 1141
1142, 1141
1148, 1141
1141, 1142
1143, 1142
1142, 1143
1144, 1143
1147, 1143
1143, 1144
1145, 1144
1146, 1144
1144, 1145
1144, 1146
1143, 1147
1141, 1148
1149, 1148
1148, 1149
1150, 1149
1153, 1149
1149, 1150
1151, 1150
1152, 1150
1150, 1151
1150, 1152
1149, 1153
1136, 1154
1155, 1154
1156, 1154
1154, 1155
1154, 1156
1157, 1156
1173, 1156
1178, 1156
1184, 1156
1156, 1157
1158, 1157
1162, 1157
1165, 1157
1167, 1157
1157, 1158
1159, 1158
1158, 1159
1160, 1159
1161, 1159
1159, 1160
1159, 1161
1157, 1162
1163, 1162
1164, 1162
1162, 1163
1162, 1164
1157, 1165
1166, 1165
1165, 1166
1157, 1167
1168, 1167
1167, 1168
1169, 1168
1170, 1168
1172, 1168
1168, 1169
1168, 1170
1171, 1170
1170, 1171
1168, 1172
1156, 1173
1174, 1173
1173, 1174
1175, 1174
1176, 1174
1174, 1175
1174, 1176
1177, 1176
1176, 1177
1156, 1178
1179, 1178
1178, 1179
1180, 1179
1181, 1179
1182, 1179
1179, 1180
1179, 1181
1179, 1182
1183, 1182
1182, 1183
1156, 1184
1185, 1184
1184, 1185
1186, 1185
1187, 1185
1185, 1186
1185, 1187
1136, 1188
1189, 1188
1188, 1189
1190, 1189
1189, 1190
1192, 1191
1218, 1191
1273, 1191
1191, 1192
1193, 1192
1194, 1192
1195, 1192
1196, 1192
1192, 1193
1192, 1194
1192, 1195
1192, 1196
1197, 1196
1203, 1196
1212, 1196
1196, 1197
1198, 1197
1197, 1198
1199, 1198
1202, 1198
1198, 1199
1200, 1199
1201, 1199
1199, 1200
1199, 1201
1198, 1202
1196, 1203
1204, 1203
1203, 1204
1205, 1204
1210, 1204
1211, 1204
1204, 1205
1206, 1205
1209, 1205
1205, 1206
1207, 1206
1208, 1206
1206, 1207
1206, 1208
1205, 1209
1204, 1210
1204, 1211
1196, 1212
1213, 1212
1212, 1213
1214, 1213
1217, 1213
1213, 1214
1215, 1214
1216, 1214
1214, 1215
1214, 1216
1213, 1217
1191, 1218
1219, 1218
1220, 1218
1218, 1219
1218, 1220
1221, 1220
1229, 1220
1249, 1220
1262, 1220
1267, 1220
1220, 1221
1222, 1221
1221, 1222
1223, 1222
1224, 1222
1222, 1223
1222, 1224
1225, 1224
1226, 1224
1227, 1224
1228, 1224
1224, 1225
1224, 1226
1224, 1227
1224, 1228
1220, 1229
1230, 1229
1234, 1229
1237, 1229
1239, 1229
1229, 1230
1231, 1230
1230, 1231
1232, 1231
1233, 1231
1231, 1232
1231, 1233
1229, 1234
1235, 1234
1236, 1234
1234, 1235
1234, 1236
1229, 1237
1238, 1237
1237, 1238
1229, 1239
1240, 1239
1239, 1240
1241, 1240
1240, 1241
1242, 1241
1243, 1241
1244, 1241
1241, 1242
1241, 1243
1241, 1244
1245, 1244
1246, 1244
1247, 1244
1248, 1244
1244, 1245
1244, 1246
1244, 1247
1244, 1248
1220, 1249
1250, 1249
1249, 1250
1251, 1250
1254, 1250
1250, 1251
1252, 1251
1253, 1251
1251, 1252
1251, 1253
1250, 1254
1255, 1254
1254, 1255
1256, 1255
1255, 1256
1257, 1256
1256, 1257
1258, 1257
1261, 1257
1257, 1258
1259, 1258
1260, 1258
1258, 1259
1258, 1260
1257, 1261
1220, 1262
1263, 1262
1262, 1263
1264, 1263
1265, 1263
1266, 1263
1263, 1264
1263, 1265
1263, 1266
1220, 1267
1268, 1267
1267, 1268
1269, 1268
1270, 1268
1268, 1269
1268, 1270
1271, 1270
1272, 1270
1270, 1271
1270, 1272
1191, 1273
1274, 1273
1273, 1274
1275, 1274
1274, 1275
1277, 1276
1298, 1276
1303, 1276
1319, 1276
1327, 1276
1357, 1276
1362, 1276
1276, 1277
1278, 1277
1279, 1277
1280, 1277
1281, 1277
1277, 1278
1277, 1279
1277, 1280
1277, 1281
1282, 1281
1288, 1281
1292, 1281
1281, 1282
1283, 1282
1282, 1283
1284, 1283
1287, 1283
1283, 1284
1285, 1284
1286, 1284
1284, 1285
1284, 1286
1283, 1287
1281, 1288
1289, 1288
1288, 1289
1290, 1289
1291, 1289
1289, 1290
1289, 1291
1281, 1292
1293, 1292
1292, 1293
1294, 1293
1297, 1293
1293, 1294
1295, 1294
1296, 1294
1294, 1295
1294, 1296
1293, 1297
1276, 1298
1299, 1298
1298, 1299
1300, 1299
1301, 1299
1299, 1300
1299, 1301
1302, 1301
1301, 1302
1276, 1303
1304, 1303
1308, 1303
1311, 1303
1313, 1303
1303, 1304
1305, 1304
1304, 1305
1306, 1305
1307, 1305
1305, 1306
1305, 1307
1303, 1308
1309, 1308
1310, 1308
1308, 1309
1308, 1310
1303, 1311
1312, 1311
1311, 1312
1303, 1313
1314, 1313
1313, 1314
1315, 1314
1314, 1315
1316, 1315
1317, 1315
1318, 1315
1315, 1316
1315, 1317
1315, 1318
1276, 1319
1320, 1319
1319, 1320
1321, 1320
1322, 1320
1320, 1321
1320, 1322
1323, 1322
1326, 1322
1322, 1323
1324, 1323
1325, 1323
1323, 1324
1323, 1325
1322, 1326
1276, 1327
1328, 1327
1327, 1328
1329, 1328
1334, 1328
1328, 1329
1330, 1329
1333, 1329
1329, 1330
1331, 1330
1332, 1330
1330, 1331
1330, 1332
1329, 1333
1328, 1334
1335, 1334
1336, 1334
1334, 1335
1334, 1336
1337, 1336
1345, 1336
1351, 1336
1336, 1337
1338, 1337
1337, 1338
1339, 1338
1344, 1338
1338, 1339
1340, 1339
1343, 1339
1339, 1340
1341, 1340
1342, 1340
1340, 1341
1340, 1342
1339, 1343
1338, 1344
1336, 1345
1346, 1345
1345, 1346
1347, 1346
1350, 1346
1346, 1347
1348, 1347
1349, 1347
1347, 1348
1347, 1349
1346, 1350
1336, 1351
1352, 1351
1351, 1352
1353, 1352
1356, 1352
1352, 1353
1354, 1353
1355, 1353
1353, 1354
1353, 1355
1352, 1356
1276, 1357
1358, 1357
1357, 1358
1359, 1358
1360, 1358
1361, 1358
1358, 1359
1358, 1360
1358, 1361
1276, 1362
1363, 1362
1362, 1363
1364, 1363
1365, 1363
1363, 1364
1363, 1365
1366, 1365
1367, 1365
1365, 1366
1365, 1367
1369, 1368
1374, 1368
1383, 1368
1407, 1368
1428, 1368
1433, 1368
1441, 1368
1368, 1369
1370, 1369
1369, 1370
1371, 1370
1372, 1370
1370, 1371
1370, 1372
1373, 1372
1372, 1373
1368, 1374
1375, 1374
1374, 1375
1376, 1375
1377, 1375
1375, 1376
1375, 1377
1378, 1377
1377, 1378
1379, 1378
1378, 1379
1380, 1379
1379, 1380
1381, 1380
1382, 1380
1380, 1381
1380, 1382
1368, 1383
1384, 1383
1383, 1384
1385, 1384
1388, 1384
1393, 1384
1394, 1384
1384, 1385
1386, 1385
1387, 1385
1385, 1386
1385, 1387
1384, 1388
1389, 1388
1392, 1388
1388, 1389
1390, 1389
1391, 1389
1389, 1390
1389, 1391
1388, 1392
1384, 1393
1384, 1394
1395, 1394
1394, 1395
1396, 1395
1397, 1395
1395, 1396
1395, 1397
1398, 1397
1397, 1398
1399, 1398
1405, 1398
1398, 1399
1400, 1399
1399, 1400
1401, 1400
1404, 1400
1400, 1401
1402, 1401
1403, 1401
1401, 1402
1401, 1403
1400, 1404
1398, 1405
1406, 1405
1405, 1406
1368, 1407
1408, 1407
1409, 1407
1410, 1407
1411, 1407
1407, 1408
1407, 1409
1407, 1410
1407, 1411
1412, 1411
1418, 1411
1422, 1411
1411, 1412
1413, 1412
1412, 1413
1414, 1413
1417, 1413
1413, 1414
1415, 1414
1416, 1414
1414, 1415
1414, 1416
1413, 1417
1411, 1418
1419, 1418
1418, 1419
1420, 1419
1421, 1419
1419, 1420
1419, 1421
1411, 1422
1423, 1422
1422, 1423
1424, 1423
1427, 1423
1423, 1424
1425, 1424
1426, 1424
1424, 1425
1424, 1426
1423, 1427
1368, 1428
1429, 1428
1428, 1429
1430, 1429
1431, 1429
1432, 1429
1429, 1430
1429, 1431
1429, 1432
1368, 1433
1434, 1433
1433, 1434
1435, 1434
1436, 1434
1437, 1434
1434, 1435
1434, 1436
1434, 1437
1438, 1437
1439, 1437
1440, 1437
1437, 1438
1437, 1439
1437, 1440
1368, 1441
1442, 1441
1441, 1442
1443, 1442
1444, 1442
1442, 1443
1442, 1444
1445, 1444
1446, 1444
1444, 1445
1444, 1446
1448, 1447
1518, 1447
1535, 1447
1447, 1448
1449, 1448
1450, 1448
1448, 1449
1448, 1450
1451, 1450
1450, 1451
1452, 1451
1456, 1451
1459, 1451
1461, 1451
1451, 1452
1453, 1452
1452, 1453
1454, 1453
1455, 1453
1453, 1454
1453, 1455
1451, 1456
1457, 1456
1458, 1456
1456, 1457
1456, 1458
1451, 1459
1460, 1459
1459, 1460
1451, 1461
1462, 1461
1468, 1461
1509, 1461
1461, 1462
1463, 1462
1462, 1463
1464, 1463
1465, 1463
1463, 1464
1463, 1465
1466, 1465
1467, 1465
1465, 1466
1465, 1467
1461, 1468
1469, 1468
1470, 1468
1472, 1468
1474, 1468
1476, 1468
1478, 1468
1480, 1468
1482, 1468
1484, 1468
1486, 1468
1488, 1468
1490, 1468
1492, 1468
1494, 1468
1496, 1468
1498, 1468
1500, 1468
1502, 1468
1504, 1468
1506, 1468
1468, 1469
1468, 1470
1471, 1470
1470, 1471
1468, 1472
1473, 1472
1472, 1473
1468, 1474
1475, 1474
1474, 1475
1468, 1476
1477, 1476
1476, 1477
1468, 1478
1479, 1478
1478, 1479
1468, 1480
1481, 1480
1480, 1481
1468, 1482
1483, 1482
1482, 1483
1468, 1484
1485, 1484
1484, 1485
1468, 1486
1487, 1486
1486, 1487
1468, 1488
1489, 1488
1488, 1489
1468, 1490
1491, 1490
1490, 1491
1468, 1492
1493, 1492
1492, 1493
1468, 1494
1495, 1494
1494, 1495
1468, 1496
1497, 1496
1496, 1497
1468, 1498
1499, 1498
1498, 1499
1468, 1500
1501, 1500
1500, 1501
1468, 1502
1503, 1502
1502, 1503
1468, 1504
1505, 1504
1504, 1505
1468, 1506
1507, 1506
1508, 1506
1506, 1507
1506, 1508
1461, 1509
1510, 1509
1513, 1509
1509, 1510
1511, 1510
1512, 1510
1510, 1511
1510, 1512
1509, 1513
1514, 1513
1513, 1514
1515, 1514
1514, 1515
1516, 1515
1517, 1515
1515, 1516
1515, 1517
1447, 1518
1519, 1518
1520, 1518
1518, 1519
1518, 1520
1521, 1520
1520, 1521
1522, 1521
1526, 1521
1529, 1521
1531, 1521
1521, 1522
1523, 1522
1522, 1523
1524, 1523
1525, 1523
1523, 1524
1523, 1525
1521, 1526
1527, 1526
1528, 1526
1526, 1527
1526, 1528
1521, 1529
1530, 1529
1529, 1530
1521, 1531
1532, 1531
1531, 1532
1533, 1532
1532, 1533
1534, 1533
1533, 1534
1447, 1535
1536, 1535
1535, 1536
1537, 1536
1536, 1537
1539, 1538
1575, 1538
1592, 1538
1538, 1539
1540, 1539
1541, 1539
1539, 1540
1539, 1541
1542, 1541
1547, 1541
1541, 1542
1543, 1542
1542, 1543
1544, 1543
1545, 1543
1543, 1544
1543, 1545
1546, 1545
1545, 1546
1541, 1547
1548, 1547
1552, 1547
1555, 1547
1557, 1547
1547, 1548
1549, 1548
1548, 1549
1550, 1549
1551, 1549
1549, 1550
1549, 1551
1547, 1552
1553, 1552
1554, 1552
1552, 1553
1552, 1554
1547, 1555
1556, 1555
1555, 1556
1547, 1557
1558, 1557
1564, 1557
1569, 1557
1557, 1558
1559, 1558
1558, 1559
1560, 1559
1563, 1559
1559, 1560
1561, 1560
1562, 1560
1560, 1561
1560, 1562
1559, 1563
1557, 1564
1565, 1564
1564, 1565
1566, 1565
1567, 1565
1565, 1566
1565, 1567
1568, 1567
1567, 1568
1557, 1569
1570, 1569
1569, 1570
1571, 1570
1574, 1570
1570, 1571
1572, 1571
1573, 1571
1571, 1572
1571, 1573
1570, 1574
1538, 1575
1576, 1575
1577, 1575
1575, 1576
1575, 1577
1578, 1577
1577, 1578
1579, 1578
1583, 1578
1586, 1578
1588, 1578
1578, 1579
1580, 1579
1579, 1580
1581, 1580
1582, 1580
1580, 1581
1580, 1582
1578, 1583
1584, 1583
1585, 1583
1583, 1584
1583, 1585
1578, 1586
1587, 1586
1586, 1587
1578, 1588
1589, 1588
1588, 1589
1590, 1589
1589, 1590
1591, 1590
1590, 1591
1538, 1592
1593, 1592
1592, 1593
1594, 1593
1593, 1594
1596, 1595
1621, 1595
1648, 1595
1658, 1595
1664, 1595
1595, 1596
1597, 1596
1598, 1596
1599, 1596
1600, 1596
1601, 1596
1596, 1597
1596, 1598
1596, 1599
1596, 1600
1596, 1601
1602, 1601
1608, 1601
1615, 1601
1601, 1602
1603, 1602
1602, 1603
1604, 1603
1607, 1603
1603, 1604
1605, 1604
1606, 1604
1604, 1605
1604, 1606
1603, 1607
1601, 1608
1609, 1608
1608, 1609
1610, 1609
1611, 1609
1609, 1610
1609, 1611
1612, 1611
1611, 1612
1613, 1612
1614, 1612
1612, 1613
1612, 1614
1601, 1615
1616, 1615
1615, 1616
1617, 1616
1620, 1616
1616, 1617
1618, 1617
1619, 1617
1617, 1618
1617, 1619
1616, 1620
1595, 1621
1622, 1621
1626, 1621
1629, 1621
1631, 1621
1621, 1622
1623, 1622
1622, 1623
1624, 1623
1625, 1623
1623, 1624
1623, 1625
1621, 1626
1627, 1626
1628, 1626
1626, 1627
1626, 1628
1621, 1629
1630, 1629
1629, 1630
1621, 1631
1632, 1631
1642, 1631
1631, 1632
1633, 1632
1632, 1633
1634, 1633
1635, 1633
1633, 1634
1633, 1635
1636, 1635
1639, 1635
1635, 1636
1637, 1636
1638, 1636
1636, 1637
1636, 1638
1635, 1639
1640, 1639
1641, 1639
1639, 1640
1639, 1641
1631, 1642
1643, 1642
1642, 1643
1644, 1643
1645, 1643
1646, 1643
1647, 1643
1643, 1644
1643, 1645
1643, 1646
1643, 1647
1595, 1648
1649, 1648
1648, 1649
1650, 1649
1651, 1649
1649, 1650
1649, 1651
1652, 1651
1655, 1651
1651, 1652
1653, 1652
1654, 1652
1652, 1653
1652, 1654
1651, 1655
1656, 1655
1657, 1655
1655, 1656
1655, 1657
1595, 1658
1659, 1658
1658, 1659
1660, 1659
1661, 1659
1662, 1659
1663, 1659
1659, 1660
1659, 1661
1659, 1662
1659, 1663
1595, 1664
1665, 1664
1664, 1665
1666, 1665
1667, 1665
1665, 1666
1665, 1667
1668, 1667
1669, 1667
1667, 1668
1667, 1669
1671, 1670
1708, 1670
1725, 1670
1670, 1671
1672, 1671
1673, 1671
1671, 1672
1671, 1673
1674, 1673
1680, 1673
1673, 1674
1675, 1674
1674, 1675
1676, 1675
1677, 1675
1675, 1676
1675, 1677
1678, 1677
1679, 1677
1677, 1678
1677, 1679
1673, 1680
1681, 1680
1685, 1680
1688, 1680
1690, 1680
1680, 1681
1682, 1681
1681, 1682
1683, 1682
1684, 1682
1682, 1683
1682, 1684
1680, 1685
1686, 1685
1687, 1685
1685, 1686
1685, 1687
1680, 1688
1689, 1688
1688, 1689
1680, 1690
1691, 1690
1697, 1690
1702, 1690
1690, 1691
1692, 1691
1691, 1692
1693, 1692
1696, 1692
1692, 1693
1694, 1693
1695, 1693
1693, 1694
1693, 1695
1692, 1696
1690, 1697
1698, 1697
1697, 1698
1699, 1698
1700, 1698
1698, 1699
1698, 1700
1701, 1700
1700, 1701
1690, 1702
1703, 1702
1702, 1703
1704, 1703
1707, 1703
1703, 1704
1705, 1704
1706, 1704
1704, 1705
1704, 1706
1703, 1707
1670, 1708
1709, 1708
1710, 1708
1708, 1709
1708, 1710
1711, 1710
1710, 1711
1712, 1711
1716, 1711
1719, 1711
1721, 1711
1711, 1712
1713, 1712
1712, 1713
1714, 1713
1715, 1713
1713, 1714
1713, 1715
1711, 1716
1717, 1716
1718, 1716
1716, 1717
1716, 1718
1711, 1719
1720, 1719
1719, 1720
1711, 1721
1722, 1721
1721, 1722
1723, 1722
1722, 1723
1724, 1723
1723, 1724
1670, 1725
1726, 1725
1725, 1726
1727, 1726
1726, 1727
1729, 1728
1755, 1728
1844, 1728
1728, 1729
1730, 1729
1731, 1729
1732, 1729
1733, 1729
1729, 1730
1729, 1731
1729, 1732
1729, 1733
1734, 1733
1738, 1733
1744, 1733
1749, 1733
1733, 1734
1735, 1734
1734, 1735
1736, 1735
1737, 1735
1735, 1736
1735, 1737
1733, 1738
1739, 1738
1738, 1739
1740, 1739
1743, 1739
1739, 1740
1741, 1740
1742, 1740
1740, 1741
1740, 1742
1739, 1743
1733, 1744
1745, 1744
1744, 1745
1746, 1745
1745, 1746
1747, 1746
1748, 1746
1746, 1747
1746, 1748
1733, 1749
1750, 1749
1749, 1750
1751, 1750
1754, 1750
1750, 1751
1752, 1751
1753, 1751
1751, 1752
1751, 1753
1750, 1754
1728, 1755
1756, 1755
1757, 1755
1755, 1756
1755, 1757
1758, 1757
1765, 1757
1771, 1757
1776, 1757
1781, 1757
1787, 1757
1797, 1757
1813, 1757
1833, 1757
1838, 1757
1757, 1758
1759, 1758
1758, 1759
1760, 1759
1761, 1759
1759, 1760
1759, 1761
1762, 1761
1763, 1761
1764, 1761
1761, 1762
1761, 1763
1761, 1764
1757, 1765
1766, 1765
1765, 1766
1767, 1766
1770, 1766
1766, 1767
1768, 1767
1769, 1767
1767, 1768
1767, 1769
1766, 1770
1757, 1771
1772, 1771
1771, 1772
1773, 1772
1772, 1773
1774, 1773
1775, 1773
1773, 1774
1773, 1775
1757, 1776
1777, 1776
1776, 1777
1778, 1777
1779, 1777
1777, 1778
1777, 1779
1780, 1779
1779, 1780
1757, 1781
1782, 1781
1781, 1782
1783, 1782
1786, 1782
1782, 1783
1784, 1783
1785, 1783
1783, 1784
1783, 1785
1782, 1786
1757, 1787
1788, 1787
1787, 1788
1789, 1788
1792, 1788
1788, 1789
1790, 1789
1791, 1789
1789, 1790
1789, 1791
1788, 1792
1793, 1792
1796, 1792
1792, 1793
1794, 1793
1795, 1793
1793, 1794
1793, 1795
1792, 1796
1757, 1797
1798, 1797
1802, 1797
1805, 1797
1807, 1797
1797, 1798
1799, 1798
1798, 1799
1800, 1799
1801, 1799
1799, 1800
1799, 1801
1797, 1802
1803, 1802
1804, 1802
1802, 1803
1802, 1804
1797, 1805
1806, 1805
1805, 1806
1797, 1807
1808, 1807
1807, 1808
1809, 1808
1808, 1809
1810, 1809
1811, 1809
1812, 1809
1809, 1810
1809, 1811
1809, 1812
1757, 1813
1814, 1813
1813, 1814
1815, 1814
1822, 1814
1823, 1814
1814, 1815
1816, 1815
1821, 1815
1815, 1816
1817, 1816
1820, 1816
1816, 1817
1818, 1817
1819, 1817
1817, 1818
1817, 1819
1816, 1820
1815, 1821
1814, 1822
1814, 1823
1824, 1823
1823, 1824
1825, 1824
1824, 1825
1826, 1825
1825, 1826
1827, 1826
1832, 1826
1826, 1827
1828, 1827
1831, 1827
1827, 1828
1829, 1828
1830, 1828
1828, 1829
1828, 1830
1827, 1831
1826, 1832
1757, 1833
1834, 1833
1833, 1834
1835, 1834
1836, 1834
1837, 1834
1834, 1835
1834, 1836
1834, 1837
1757, 1838
1839, 1838
1838, 1839
1840, 1839
1841, 1839
1839, 1840
1839, 1841
1842, 1841
1843, 1841
1841, 1842
1841, 1843
1728, 1844
1845, 1844
1844, 1845
1846, 1845
1845, 1846
1848, 1847
1885, 1847
1947, 1847
1847, 1848
1849, 1848
1850, 1848
1851, 1848
1852, 1848
1853, 1848
1848, 1849
1848, 1850
1848, 1851
1848, 1852
1848, 1853
1854, 1853
1861, 1853
1879, 1853
1853, 1854
1855, 1854
1860, 1854
1854, 1855
1856, 1855
1859, 1855
1855, 1856
1857, 1856
1858, 1856
1856, 1857
1856, 1858
1855, 1859
1854, 1860
1853, 1861
1862, 1861
1866, 1861
1871, 1861
1873, 1861
1861, 1862
1863, 1862
1862, 1863
1864, 1863
1865, 1863
1863, 1864
1863, 1865
1861, 1866
1867, 1866
1868, 1866
1866, 1867
1866, 1868
1869, 1868
1870, 1868
1868, 1869
1868, 1870
1861, 1871
1872, 1871
1871, 1872
1861, 1873
1874, 1873
1873, 1874
1875, 1874
1878, 1874
1874, 1875
1876, 1875
1877, 1875
1875, 1876
1875, 1877
1874, 1878
1853, 1879
1880, 1879
1879, 1880
1881, 1880
1884, 1880
1880, 1881
1882, 1881
1883, 1881
1881, 1882
1881, 1883
1880, 1884
1847, 1885
1886, 1885
1887, 1885
1885, 1886
1885, 1887
1888, 1887
1910, 1887
1916, 1887
1923, 1887
1941, 1887
1887, 1888
1889, 1888
1893, 1888
1896, 1888
1898, 1888
1888, 1889
1890, 1889
1889, 1890
1891, 1890
1892, 1890
1890, 1891
1890, 1892
1888, 1893
1894, 1893
1895, 1893
1893, 1894
1893, 1895
1888, 1896
1897, 1896
1896, 1897
1888, 1898
1899, 1898
1898, 1899
1900, 1899
1899, 1900
1901, 1900
1902, 1900
1905, 1900
1909, 1900
1900, 1901
1900, 1902
1903, 1902
1904, 1902
1902, 1903
1902, 1904
1900, 1905
1906, 1905
1907, 1905
1908, 1905
1905, 1906
1905, 1907
1905, 1908
1900, 1909
1887, 1910
1911, 1910
1910, 1911
1912, 1911
1913, 1911
1911, 1912
1911, 1913
1914, 1913
1915, 1913
1913, 1914
1913, 1915
1887, 1916
1917, 1916
1916, 1917
1918, 1917
1919, 1917
1917, 1918
1917, 1919
1920, 1919
1921, 1919
1922, 1919
1919, 1920
1919, 1921
1919, 1922
1887, 1923
1924, 1923
1923, 1924
1925, 1924
1926, 1924
1927, 1924
1928, 1924
1924, 1925
1924, 1926
1924, 1927
1924, 1928
1929, 1928
1928, 1929
1930, 1929
1931, 1929
1929, 1930
1929, 1931
1932, 1931
1931, 1932
1933, 1932
1939, 1932
1932, 1933
1934, 1933
1933, 1934
1935, 1934
1938, 1934
1934, 1935
1936, 1935
1937, 1935
1935, 1936
1935, 1937
1934, 1938
1932, 1939
1940, 1939
1939, 1940
1887, 1941
1942, 1941
1941, 1942
1943, 1942
1944, 1942
1942, 1943
1942, 1944
1945, 1944
1946, 1944
1944, 1945
1944, 1946
1847, 1947
1948, 1947
1947, 1948
1949, 1948
1948, 1949
1951, 1950
1963, 1950
2003, 1950
2037, 1950
1950, 1951
1952, 1951
1953, 1951
1951, 1952
1951, 1953
1954, 1953
1957, 1953
1953, 1954
1955, 1954
1954, 1955
1956, 1955
1955, 1956
1953, 1957
1958, 1957
1957, 1958
1959, 1958
1962, 1958
1958, 1959
1960, 1959
1961, 1959
1959, 1960
1959, 1961
1958, 1962
1950, 1963
1964, 1963
1965, 1963
1966, 1963
1963, 1964
1963, 1965
1963, 1966
1967, 1966
1971, 1966
1977, 1966
1983, 1966
1989, 1966
1993, 1966
1999, 1966
1966, 1967
1968, 1967
1967, 1968
1969, 1968
1970, 1968
1968, 1969
1968, 1970
1966, 1971
1972, 1971
1971, 1972
1973, 1972
1976, 1972
1972, 1973
1974, 1973
1975, 1973
1973, 1974
1973, 1975
1972, 1976
1966, 1977
1978, 1977
1977, 1978
1979, 1978
1982, 1978
1978, 1979
1980, 1979
1981, 1979
1979, 1980
1979, 1981
1978, 1982
1966, 1983
1984, 1983
1983, 1984
1985, 1984
1986, 1984
1984, 1985
1984, 1986
1987, 1986
1988, 1986
1986, 1987
1986, 1988
1966, 1989
1990, 1989
1989, 1990
1991, 1990
1992, 1990
1990, 1991
1990, 1992
1966, 1993
1994, 1993
1993, 1994
1995, 1994
1998, 1994
1994, 1995
1996, 1995
1997, 1995
1995, 1996
1995, 1997
1994, 1998
1966, 1999
2000, 1999
1999, 2000
2001, 2000
2002, 2000
2000, 2001
2000, 2002
1950, 2003
2004, 2003
2005, 2003
2003, 2004
2003, 2005
2006, 2005
2023, 2005
2005, 2006
2007, 2006
2011, 2006
2014, 2006
2016, 2006
2006, 2007
2008, 2007
2007, 2008
2009, 2008
2010, 2008
2008, 2009
2008, 2010
2006, 2011
2012, 2011
2013, 2011
2011, 2012
2011, 2013
2006, 2014
2015, 2014
2014, 2015
2006, 2016
2017, 2016
2016, 2017
2018, 2017
2017, 2018
2019, 2018
2020, 2018
2018, 2019
2018, 2020
2021, 2020
2022, 2020
2020, 2021
2020, 2022
2005, 2023
2024, 2023
2023, 2024
2025, 2024
2026, 2024
2024, 2025
2024, 2026
2027, 2026
2028, 2026
2026, 2027
2026, 2028
2029, 2028
2030, 2028
2028, 2029
2028, 2030
2031, 2030
2030, 2031
2032, 2031
2031, 2032
2033, 2032
2036, 2032
2032, 2033
2034, 2033
2035, 2033
2033, 2034
2033, 2035
2032, 2036
1950, 2037
2038, 2037
2037, 2038
2039, 2038
2038, 2039
2041, 2040
2051, 2040
2056, 2040
2078, 2040
2127, 2040
2040, 2041
2042, 2041
2041, 2042
2043, 2042
2044, 2042
2042, 2043
2042, 2044
2045, 2044
2044, 2045
2046, 2045
2047, 2045
2045, 2046
2045, 2047
2048, 2047
2047, 2048
2049, 2048
2048, 2049
2050, 2049
2049, 2050
2040, 2051
2052, 2051
2051, 2052
2053, 2052
2052, 2053
2054, 2053
2055, 2053
2053, 2054
2053, 2055
2040, 2056
2057, 2056
2058, 2056
2059, 2056
2060, 2056
2056, 2057
2056, 2058
2056, 2059
2056, 2060
2061, 2060
2067, 2060
2072, 2060
2060, 2061
2062, 2061
2061, 2062
2063, 2062
2066, 2062
2062, 2063
2064, 2063
2065, 2063
2063, 2064
2063, 2065
2062, 2066
2060, 2067
2068, 2067
2067, 2068
2069, 2068
2068, 2069
2070, 2069
2071, 2069
2069, 2070
2069, 2071
2060, 2072
2073, 2072
2072, 2073
2074, 2073
2077, 2073
2073, 2074
2075, 2074
2076, 2074
2074, 2075
2074, 2076
2073, 2077
2040, 2078
2079, 2078
2080, 2078
2078, 2079
2078, 2080
2081, 2080
2088, 2080
2104, 2080
2121, 2080
2080, 2081
2082, 2081
2081, 2082
2083, 2082
2084, 2082
2082, 2083
2082, 2084
2085, 2084
2086, 2084
2087, 2084
2084, 2085
2084, 2086
2084, 2087
2080, 2088
2089, 2088
2093, 2088
2096, 2088
2098, 2088
2088, 2089
2090, 2089
2089, 2090
2091, 2090
2092, 2090
2090, 2091
2090, 2092
2088, 2093
2094, 2093
2095, 2093
2093, 2094
2093, 2095
2088, 2096
2097, 2096
2096, 2097
2088, 2098
2099, 2098
2098, 2099
2100, 2099
2099, 2100
2101, 2100
2102, 2100
2103, 2100
2100, 2101
2100, 2102
2100, 2103
2080, 2104
2105, 2104
2104, 2105
2106, 2105
2107, 2105
2108, 2105
2105, 2106
2105, 2107
2105, 2108
2109, 2108
2108, 2109
2110, 2109
2111, 2109
2109, 2110
2109, 2111
2112, 2111
2111, 2112
2113, 2112
2119, 2112
2112, 2113
2114, 2113
2113, 2114
2115, 2114
2118, 2114
2114, 2115
2116, 2115
2117, 2115
2115, 2116
2115, 2117
2114, 2118
2112, 2119
2120, 2119
2119, 2120
2080, 2121
2122, 2121
2121, 2122
2123, 2122
2124, 2122
2122, 2123
2122, 2124
2125, 2124
2126, 2124
2124, 2125
2124, 2126
2040, 2127
2128, 2127
2127, 2128
2129, 2128
2128, 2129
2131, 2130
2142, 2130
2184, 2130
2130, 2131
2132, 2131
2133, 2131
2131, 2132
2131, 2133
2134, 2133
2138, 2133
2133, 2134
2135, 2134
2134, 2135
2136, 2135
2137, 2135
2135, 2136
2135, 2137
2133, 2138
2139, 2138
2138, 2139
2140, 2139
2141, 2139
2139, 2140
2139, 2141
2130, 2142
2143, 2142
2144, 2142
2142, 2143
2142, 2144
2145, 2144
2152, 2144
2166, 2144
2179, 2144
2144, 2145
2146, 2145
2145, 2146
2147, 2146
2148, 2146
2146, 2147
2146, 2148
2149, 2148
2150, 2148
2151, 2148
2148, 2149
2148, 2150
2148, 2151
2144, 2152
2153, 2152
2157, 2152
2160, 2152
2162, 2152
2152, 2153
2154, 2153
2153, 2154
2155, 2154
2156, 2154
2154, 2155
2154, 2156
2152, 2157
2158, 2157
2159, 2157
2157, 2158
2157, 2159
2152, 2160
2161, 2160
2160, 2161
2152, 2162
2163, 2162
2162, 2163
2164, 2163
2163, 2164
2165, 2164
2164, 2165
2144, 2166
2167, 2166
2166, 2167
2168, 2167
2173, 2167
2174, 2167
2167, 2168
2169, 2168
2172, 2168
2168, 2169
2170, 2169
2171, 2169
2169, 2170
2169, 2171
2168, 2172
2167, 2173
2167, 2174
2175, 2174
2178, 2174
2174, 2175
2176, 2175
2177, 2175
2175, 2176
2175, 2177
2174, 2178
2144, 2179
2180, 2179
2179, 2180
2181, 2180
2182, 2180
2180, 2181
2180, 2182
2183, 2182
2182, 2183
2130, 2184
2185, 2184
2184, 2185
2186, 2185
2185, 2186
2188, 2187
2196, 2187
2202, 2187
2206, 2187
2246, 2187
2252, 2187
2256, 2187
2187, 2188
2189, 2188
2188, 2189
2190, 2189
2191, 2189
2189, 2190
2189, 2191
2192, 2191
2193, 2191
2194, 2191
2195, 2191
2191, 2192
2191, 2193
2191, 2194
2191, 2195
2187, 2196
2197, 2196
2196, 2197
2198, 2197
2201, 2197
2197, 2198
2199, 2198
2200, 2198
2198, 2199
2198, 2200
2197, 2201
2187, 2202
2203, 2202
2202, 2203
2204, 2203
2205, 2203
2203, 2204
2203, 2205
2187, 2206
2207, 2206
2206, 2207
2208, 2207
2211, 2207
2212, 2207
2213, 2207
2207, 2208
2209, 2208
2210, 2208
2208, 2209
2208, 2210
2207, 2211
2207, 2212
2207, 2213
2214, 2213
2213, 2214
2215, 2214
2216, 2214
2214, 2215
2214, 2216
2217, 2216
2216, 2217
2218, 2217
2224, 2217
2244, 2217
2217, 2218
2219, 2218
2218, 2219
2220, 2219
2223, 2219
2219, 2220
2221, 2220
2222, 2220
2220, 2221
2220, 2222
2219, 2223
2217, 2224
2225, 2224
2229, 2224
2232, 2224
2234, 2224
2224, 2225
2226, 2225
2225, 2226
2227, 2226
2228, 2226
2226, 2227
2226, 2228
2224, 2229
2230, 2229
2231, 2229
2229, 2230
2229, 2231
2224, 2232
2233, 2232
2232, 2233
2224, 2234
2235, 2234
2234, 2235
2236, 2235
2235, 2236
2237, 2236
2240, 2236
2236, 2237
2238, 2237
2239, 2237
2237, 2238
2237, 2239
2236, 2240
2241, 2240
2240, 2241
2242, 2241
2243, 2241
2241, 2242
2241, 2243
2217, 2244
2245, 2244
2244, 2245
2187, 2246
2247, 2246
2246, 2247
2248, 2247
2251, 2247
2247, 2248
2249, 2248
2250, 2248
2248, 2249
2248, 2250
2247, 2251
2187, 2252
2253, 2252
2252, 2253
2254, 2253
2255, 2253
2253, 2254
2253, 2255
2187, 2256
2257, 2256
2256, 2257
2258, 2257
2259, 2257
2257, 2258
2257, 2259
2260, 2259
2265, 2259
2259, 2260
2261, 2260
2264, 2260
2260, 2261
2262, 2261
2263, 2261
2261, 2262
2261, 2263
2260, 2264
2259, 2265
2267, 2266
2291, 2266
2334, 2266
2338, 2266
2356, 2266
2363, 2266
2369, 2266
2266, 2267
2268, 2267
2267, 2268
2269, 2268
2270, 2268
2268, 2269
2268, 2270
2271, 2270
2275, 2270
2279, 2270
2283, 2270
2287, 2270
2270, 2271
2272, 2271
2271, 2272
2273, 2272
2274, 2272
2272, 2273
2272, 2274
2270, 2275
2276, 2275
2275, 2276
2277, 2276
2278, 2276
2276, 2277
2276, 2278
2270, 2279
2280, 2279
2279, 2280
2281, 2280
2282, 2280
2280, 2281
2280, 2282
2270, 2283
2284, 2283
2283, 2284
2285, 2284
2286, 2284
2284, 2285
2284, 2286
2270, 2287
2288, 2287
2287, 2288
2289, 2288
2290, 2288
2288, 2289
2288, 2290
2266, 2291
2292, 2291
2293, 2291
2294, 2291
2295, 2291
2291, 2292
2291, 2293
2291, 2294
2291, 2295
2296, 2295
2312, 2295
2319, 2295
2323, 2295
2295, 2296
2297, 2296
2302, 2296
2296, 2297
2298, 2297
2301, 2297
2297, 2298
2299, 2298
2300, 2298
2298, 2299
2298, 2300
2297, 2301
2296, 2302
2303, 2302
2302, 2303
2304, 2303
2303, 2304
2305, 2304
2308, 2304
2304, 2305
2306, 2305
2307, 2305
2305, 2306
2305, 2307
2304, 2308
2309, 2308
2308, 2309
2310, 2309
2311, 2309
2309, 2310
2309, 2311
2295, 2312
2313, 2312
2312, 2313
2314, 2313
2315, 2313
2313, 2314
2313, 2315
2316, 2315
2315, 2316
2317, 2316
2318, 2316
2316, 2317
2316, 2318
2295, 2319
2320, 2319
2319, 2320
2321, 2320
2322, 2320
2320, 2321
2320, 2322
2295, 2323
2324, 2323
2328, 2323
2331, 2323
2333, 2323
2323, 2324
2325, 2324
2324, 2325
2326, 2325
2327, 2325
2325, 2326
2325, 2327
2323, 2328
2329, 2328
2330, 2328
2328, 2329
2328, 2330
2323, 2331
2332, 2331
2331, 2332
2323, 2333
2266, 2334
2335, 2334
2334, 2335
2336, 2335
2337, 2335
2335, 2336
2335, 2337
2266, 2338
2339, 2338
2338, 2339
2340, 2339
2343, 2339
2339, 2340
2341, 2340
2342, 2340
2340, 2341
2340, 2342
2339, 2343
2344, 2343
2348, 2343
2352, 2343
2343, 2344
2345, 2344
2344, 2345
2346, 2345
2347, 2345
2345, 2346
2345, 2347
2343, 2348
2349, 2348
2348, 2349
2350, 2349
2351, 2349
2349, 2350
2349, 2351
2343, 2352
2353, 2352
2352, 2353
2354, 2353
2355, 2353
2353, 2354
2353, 2355
2266, 2356
2357, 2356
2356, 2357
2358, 2357
2361, 2357
2357, 2358
2359, 2358
2360, 2358
2358, 2359
2358, 2360
2357, 2361
2362, 2361
2361, 2362
2266, 2363
2364, 2363
2363, 2364
2365, 2364
2368, 2364
2364, 2365
2366, 2365
2367, 2365
2365, 2366
2365, 2367
2364, 2368
2266, 2369
2370, 2369
2374, 2369
2377, 2369
2379, 2369
2369, 2370
2371, 2370
2370, 2371
2372, 2371
2373, 2371
2371, 2372
2371, 2373
2369, 2374
2375, 2374
2376, 2374
2374, 2375
2374, 2376
2369, 2377
2378, 2377
2377, 2378
2369, 2379
2380, 2379
2379, 2380
2381, 2380
2380, 2381
2382, 2381
2381, 2382
2384, 2383
2471, 2383
2383, 2384
2385, 2384
2386, 2384
2384, 2385
2384, 2386
2387, 2386
2396, 2386
2433, 2386
2438, 2386
2452, 2386
2465, 2386
2386, 2387
2388, 2387
2387, 2388
2389, 2388
2390, 2388
2388, 2389
2388, 2390
2391, 2390
2392, 2390
2393, 2390
2394, 2390
2395, 2390
2390, 2391
2390, 2392
2390, 2393
2390, 2394
2390, 2395
2386, 2396
2397, 2396
2398, 2396
2399, 2396
2396, 2397
2396, 2398
2396, 2399
2400, 2399
2406, 2399
2421, 2399
2427, 2399
2399, 2400
2401, 2400
2400, 2401
2402, 2401
2405, 2401
2401, 2402
2403, 2402
2404, 2402
2402, 2403
2402, 2404
2401, 2405
2399, 2406
2407, 2406
2406, 2407
2408, 2407
2411, 2407
2407, 2408
2409, 2408
2410, 2408
2408, 2409
2408, 2410
2407, 2411
2412, 2411
2413, 2411
2411, 2412
2411, 2413
2414, 2413
2415, 2413
2413, 2414
2413, 2415
2416, 2415
2419, 2415
2420, 2415
2415, 2416
2417, 2416
2418, 2416
2416, 2417
2416, 2418
2415, 2419
2415, 2420
2399, 2421
2422, 2421
2421, 2422
2423, 2422
2426, 2422
2422, 2423
2424, 2423
2425, 2423
2423, 2424
2423, 2425
2422, 2426
2399, 2427
2428, 2427
2427, 2428
2429, 2428
2432, 2428
2428, 2429
2430, 2429
2431, 2429
2429, 2430
2429, 2431
2428, 2432
2386, 2433
2434, 2433
2433, 2434
2435, 2434
2436, 2434
2434, 2435
2434, 2436
2437, 2436
2436, 2437
2386, 2438
2439, 2438
2443, 2438
2446, 2438
2448, 2438
2438, 2439
2440, 2439
2439, 2440
2441, 2440
2442, 2440
2440, 2441
2440, 2442
2438, 2443
2444, 2443
2445, 2443
2443, 2444
2443, 2445
2438, 2446
2447, 2446
2446, 2447
2438, 2448
2449, 2448
2448, 2449
2450, 2449
2451, 2449
2449, 2450
2449, 2451
2386, 2452
2453, 2452
2452, 2453
2454, 2453
2455, 2453
2453, 2454
2453, 2455
2456, 2455
2455, 2456
2457, 2456
2463, 2456
2456, 2457
2458, 2457
2457, 2458
2459, 2458
2462, 2458
2458, 2459
2460, 2459
2461, 2459
2459, 2460
2459, 2461
2458, 2462
2456, 2463
2464, 2463
2463, 2464
2386, 2465
2466, 2465
2465, 2466
2467, 2466
2468, 2466
2466, 2467
2466, 2468
2469, 2468
2470, 2468
2468, 2469
2468, 2470
2383, 2471
2472, 2471
2471, 2472
2473, 2472
2472, 2473
2475, 2474
2477, 2474
2507, 2474
2563, 2474
2474, 2475
2476, 2475
2475, 2476
2474, 2477
2478, 2477
2479, 2477
2480, 2477
2481, 2477
2482, 2477
2477, 2478
2477, 2479
2477, 2480
2477, 2481
2477, 2482
2483, 2482
2489, 2482
2495, 2482
2501, 2482
2482, 2483
2484, 2483
2483, 2484
2485, 2484
2488, 2484
2484, 2485
2486, 2485
2487, 2485
2485, 2486
2485, 2487
2484, 2488
2482, 2489
2490, 2489
2489, 2490
2491, 2490
2494, 2490
2490, 2491
2492, 2491
2493, 2491
2491, 2492
2491, 2493
2490, 2494
2482, 2495
2496, 2495
2495, 2496
2497, 2496
2500, 2496
2496, 2497
2498, 2497
2499, 2497
2497, 2498
2497, 2499
2496, 2500
2482, 2501
2502, 2501
2501, 2502
2503, 2502
2506, 2502
2502, 2503
2504, 2503
2505, 2503
2503, 2504
2503, 2505
2502, 2506
2474, 2507
2508, 2507
2509, 2507
2507, 2508
2507, 2509
2510, 2509
2516, 2509
2522, 2509
2538, 2509
2556, 2509
2509, 2510
2511, 2510
2510, 2511
2512, 2511
2513, 2511
2511, 2512
2511, 2513
2514, 2513
2515, 2513
2513, 2514
2513, 2515
2509, 2516
2517, 2516
2516, 2517
2518, 2517
2519, 2517
2517, 2518
2517, 2519
2520, 2519
2521, 2519
2519, 2520
2519, 2521
2509, 2522
2523, 2522
2527, 2522
2530, 2522
2532, 2522
2522, 2523
2524, 2523
2523, 2524
2525, 2524
2526, 2524
2524, 2525
2524, 2526
2522, 2527
2528, 2527
2529, 2527
2527, 2528
2527, 2529
2522, 2530
2531, 2530
2530, 2531
2522, 2532
2533, 2532
2532, 2533
2534, 2533
2535, 2533
2536, 2533
2537, 2533
2533, 2534
2533, 2535
2533, 2536
2533, 2537
2509, 2538
2539, 2538
2538, 2539
2540, 2539
2541, 2539
2542, 2539
2543, 2539
2539, 2540
2539, 2541
2539, 2542
2539, 2543
2544, 2543
2543, 2544
2545, 2544
2546, 2544
2544, 2545
2544, 2546
2547, 2546
2546, 2547
2548, 2547
2554, 2547
2547, 2548
2549, 2548
2548, 2549
2550, 2549
2553, 2549
2549, 2550
2551, 2550
2552, 2550
2550, 2551
2550, 2552
2549, 2553
2547, 2554
2555, 2554
2554, 2555
2509, 2556
2557, 2556
2556, 2557
2558, 2557
2557, 2558
2559, 2558
2562, 2558
2558, 2559
2560, 2559
2561, 2559
2559, 2560
2559, 2561
2558, 2562
2474, 2563
2564, 2563
2563, 2564
2565, 2564
2564, 2565
2567, 2566
2591, 2566
2598, 2566
2614, 2566
2619, 2566
2566, 2567
2568, 2567
2569, 2567
2570, 2567
2571, 2567
2567, 2568
2567, 2569
2567, 2570
2567, 2571
2572, 2571
2578, 2571
2585, 2571
2571, 2572
2573, 2572
2572, 2573
2574, 2573
2577, 2573
2573, 2574
2575, 2574
2576, 2574
2574, 2575
2574, 2576
2573, 2577
2571, 2578
2579, 2578
2578, 2579
2580, 2579
2581, 2579
2579, 2580
2579, 2581
2582, 2581
2581, 2582
2583, 2582
2584, 2582
2582, 2583
2582, 2584
2571, 2585
2586, 2585
2585, 2586
2587, 2586
2590, 2586
2586, 2587
2588, 2587
2589, 2587
2587, 2588
2587, 2589
2586, 2590
2566, 2591
2592, 2591
2591, 2592
2593, 2592
2594, 2592
2592, 2593
2592, 2594
2595, 2594
2596, 2594
2597, 2594
2594, 2595
2594, 2596
2594, 2597
2566, 2598
2599, 2598
2603, 2598
2606, 2598
2608, 2598
2598, 2599
2600, 2599
2599, 2600
2601, 2600
2602, 2600
2600, 2601
2600, 2602
2598, 2603
2604, 2603
2605, 2603
2603, 2604
2603, 2605
2598, 2606
2607, 2606
2606, 2607
2598, 2608
2609, 2608
2608, 2609
2610, 2609
2609, 2610
2611, 2610
2612, 2610
2613, 2610
2610, 2611
2610, 2612
2610, 2613
2566, 2614
2615, 2614
2614, 2615
2616, 2615
2617, 2615
2618, 2615
2615, 2616
2615, 2617
2615, 2618
2566, 2619
2620, 2619
2619, 2620
2621, 2620
2622, 2620
2620, 2621
2620, 2622
2624, 2623
2628, 2623
2645, 2623
2655, 2623
2660, 2623
2675, 2623
2681, 2623
2699, 2623
2707, 2623
2623, 2624
2625, 2624
2624, 2625
2626, 2625
2627, 2625
2625, 2626
2625, 2627
2623, 2628
2629, 2628
2633, 2628
2636, 2628
2638, 2628
2628, 2629
2630, 2629
2629, 2630
2631, 2630
2632, 2630
2630, 2631
2630, 2632
2628, 2633
2634, 2633
2635, 2633
2633, 2634
2633, 2635
2628, 2636
2637, 2636
2636, 2637
2628, 2638
2639, 2638
2638, 2639
2640, 2639
2639, 2640
2641, 2640
2644, 2640
2640, 2641
2642, 2641
2643, 2641
2641, 2642
2641, 2643
2640, 2644
2623, 2645
2646, 2645
2645, 2646
2647, 2646
2648, 2646
2646, 2647
2646, 2648
2649, 2648
2652, 2648
2648, 2649
2650, 2649
2651, 2649
2649, 2650
2649, 2651
2648, 2652
2653, 2652
2654, 2652
2652, 2653
2652, 2654
2623, 2655
2656, 2655
2655, 2656
2657, 2656
2658, 2656
2656, 2657
2656, 2658
2659, 2658
2658, 2659
2623, 2660
2661, 2660
2660, 2661
2662, 2661
2667, 2661
2661, 2662
2663, 2662
2664, 2662
2662, 2663
2662, 2664
2665, 2664
2666, 2664
2664, 2665
2664, 2666
2661, 2667
2668, 2667
2667, 2668
2669, 2668
2673, 2668
2668, 2669
2670, 2669
2669, 2670
2671, 2670
2672, 2670
2670, 2671
2670, 2672
2668, 2673
2674, 2673
2673, 2674
2623, 2675
2676, 2675
2675, 2676
2677, 2676
2680, 2676
2676, 2677
2678, 2677
2679, 2677
2677, 2678
2677, 2679
2676, 2680
2623, 2681
2682, 2681
2681, 2682
2683, 2682
2686, 2682
2689, 2682
2682, 2683
2684, 2683
2685, 2683
2683, 2684
2683, 2685
2682, 2686
2687, 2686
2688, 2686
2686, 2687
2686, 2688
2682, 2689
2690, 2689
2689, 2690
2691, 2690
2697, 2690
2690, 2691
2692, 2691
2691, 2692
2693, 2692
2696, 2692
2692, 2693
2694, 2693
2695, 2693
2693, 2694
2693, 2695
2692, 2696
2690, 2697
2698, 2697
2697, 2698
2623, 2699
2700, 2699
2699, 2700
2701, 2700
2702, 2700
2700, 2701
2700, 2702
2703, 2702
2706, 2702
2702, 2703
2704, 2703
2705, 2703
2703, 2704
2703, 2705
2702, 2706
2623, 2707
2708, 2707
2707, 2708
2709, 2708
2710, 2708
2708, 2709
2708, 2710
2711, 2710
2712, 2710
2710, 2711
2710, 2712
2714, 2713
2723, 2713
2763, 2713
2797, 2713
2713, 2714
2715, 2714
2716, 2714
2714, 2715
2714, 2716
2717, 2716
2716, 2717
2718, 2717
2717, 2718
2719, 2718
2722, 2718
2718, 2719
2720, 2719
2721, 2719
2719, 2720
2719, 2721
2718, 2722
2713, 2723
2724, 2723
2725, 2723
2726, 2723
2723, 2724
2723, 2725
2723, 2726
2727, 2726
2731, 2726
2737, 2726
2743, 2726
2749, 2726
2753, 2726
2759, 2726
2726, 2727
2728, 2727
2727, 2728
2729, 2728
2730, 2728
2728, 2729
2728, 2730
2726, 2731
2732, 2731
2731, 2732
2733, 2732
2736, 2732
2732, 2733
2734, 2733
2735, 2733
2733, 2734
2733, 2735
2732, 2736
2726, 2737
2738, 2737
2737, 2738
2739, 2738
2742, 2738
2738, 2739
2740, 2739
2741, 2739
2739, 2740
2739, 2741
2738, 2742
2726, 2743
2744, 2743
2743, 2744
2745, 2744
2746, 2744
2744, 2745
2744, 2746
2747, 2746
2748, 2746
2746, 2747
2746, 2748
2726, 2749
2750, 2749
2749, 2750
2751, 2750
2752, 2750
2750, 2751
2750, 2752
2726, 2753
2754, 2753
2753, 2754
2755, 2754
2758, 2754
2754, 2755
2756, 2755
2757, 2755
2755, 2756
2755, 2757
2754, 2758
2726, 2759
2760, 2759
2759, 2760
2761, 2760
2762, 2760
2760, 2761
2760, 2762
2713, 2763
2764, 2763
2765, 2763
2763, 2764
2763, 2765
2766, 2765
2783, 2765
2765, 2766
2767, 2766
2771, 2766
2774, 2766
2776, 2766
2766, 2767
2768, 2767
2767, 2768
2769, 2768
2770, 2768
2768, 2769
2768, 2770
2766, 2771
2772, 2771
2773, 2771
2771, 2772
2771, 2773
2766, 2774
2775, 2774
2774, 2775
2766, 2776
2777, 2776
2776, 2777
2778, 2777
2777, 2778
2779, 2778
2780, 2778
2778, 2779
2778, 2780
2781, 2780
2782, 2780
2780, 2781
2780, 2782
2765, 2783
2784, 2783
2783, 2784
2785, 2784
2786, 2784
2784, 2785
2784, 2786
2787, 2786
2788, 2786
2786, 2787
2786, 2788
2789, 2788
2790, 2788
2788, 2789
2788, 2790
2791, 2790
2790, 2791
2792, 2791
2791, 2792
2793, 2792
2796, 2792
2792, 2793
2794, 2793
2795, 2793
2793, 2794
2793, 2795
2792, 2796
2713, 2797
2798, 2797
2797, 2798
2799, 2798
2798, 2799
2801, 2800
2805, 2800
2811, 2800
2830, 2800
2838, 2800
2800, 2801
2802, 2801
2801, 2802
2803, 2802
2804, 2802
2802, 2803
2802, 2804
2800, 2805
2806, 2805
2805, 2806
2807, 2806
2810, 2806
2806, 2807
2808, 2807
2809, 2807
2807, 2808
2807, 2809
2806, 2810
2800, 2811
2812, 2811
2816, 2811
2819, 2811
2821, 2811
2811, 2812
2813, 2812
2812, 2813
2814, 2813
2815, 2813
2813, 2814
2813, 2815
2811, 2816
2817, 2816
2818, 2816
2816, 2817
2816, 2818
2811, 2819
2820, 2819
2819, 2820
2811, 2821
2822, 2821
2821, 2822
2823, 2822
2822, 2823
2824, 2823
2829, 2823
2823, 2824
2825, 2824
2826, 2824
2824, 2825
2824, 2826
2827, 2826
2828, 2826
2826, 2827
2826, 2828
2823, 2829
2800, 2830
2831, 2830
2830, 2831
2832, 2831
2835, 2831
2836, 2831
2831, 2832
2833, 2832
2834, 2832
2832, 2833
2832, 2834
2831, 2835
2831, 2836
2837, 2836
2836, 2837
2800, 2838
2839, 2838
2838, 2839
2840, 2839
2841, 2839
2839, 2840
2839, 2841
2843, 2842
2847, 2842
2842, 2843
2844, 2843
2843, 2844
2845, 2844
2846, 2844
2844, 2845
2844, 2846
2842, 2847
2848, 2847
2851, 2847
2855, 2847
2847, 2848
2849, 2848
2848, 2849
2850, 2849
2849, 2850
2847, 2851
2852, 2851
2851, 2852
2853, 2852
2854, 2852
2852, 2853
2852, 2854
2847, 2855
2856, 2855
2855, 2856
2857, 2856
2861, 2856
2864, 2856
2866, 2856
2856, 2857
2858, 2857
2857, 2858
2859, 2858
2860, 2858
2858, 2859
2858, 2860
2856, 2861
2862, 2861
2863, 2861
2861, 2862
2861, 2863
2856, 2864
2865, 2864
2864, 2865
2856, 2866
2867, 2866
2871, 2866
2866, 2867
2868, 2867
2867, 2868
2869, 2868
2870, 2868
2868, 2869
2868, 2870
2866, 2871
2872, 2871
2871, 2872
2873, 2872
2874, 2872
2872, 2873
2872, 2874
2875, 2874
2876, 2874
2874, 2875
2874, 2876
2877, 2876
2878, 2876
2879, 2876
2880, 2876
2881, 2876
2876, 2877
2876, 2878
2876, 2879
2876, 2880
2876, 2881
2883, 2882
2896, 2882
2914, 2882
2882, 2883
2884, 2883
2883, 2884
2885, 2884
2890, 2884
2891, 2884
2884, 2885
2886, 2885
2889, 2885
2885, 2886
2887, 2886
2888, 2886
2886, 2887
2886, 2888
2885, 2889
2884, 2890
2884, 2891
2892, 2891
2895, 2891
2891, 2892
2893, 2892
2894, 2892
2892, 2893
2892, 2894
2891, 2895
2882, 2896
2897, 2896
2898, 2896
2896, 2897
2896, 2898
2899, 2898
2908, 2898
2898, 2899
2900, 2899
2899, 2900
2901, 2900
2902, 2900
2900, 2901
2900, 2902
2903, 2902
2904, 2902
2905, 2902
2906, 2902
2907, 2902
2902, 2903
2902, 2904
2902, 2905
2902, 2906
2902, 2907
2898, 2908
2909, 2908
2908, 2909
2910, 2909
2911, 2909
2909, 2910
2909, 2911
2912, 2911
2913, 2911
2911, 2912
2911, 2913
2882, 2914
2915, 2914
2919, 2914
2922, 2914
2924, 2914
2914, 2915
2916, 2915
2915, 2916
2917, 2916
2918, 2916
2916, 2917
2916, 2918
2914, 2919
2920, 2919
2921, 2919
2919, 2920
2919, 2921
2914, 2922
2923, 2922
2922, 2923
2914, 2924
2925, 2924
2924, 2925
2926, 2925
2925, 2926
2927, 2926
2926, 2927
2929, 2928
2957, 2928
2928, 2929
2930, 2929
2931, 2929
2932, 2929
2929, 2930
2929, 2931
2929, 2932
2933, 2932
2932, 2933
2934, 2933
2935, 2933
2933, 2934
2933, 2935
2936, 2935
2937, 2935
2935, 2936
2935, 2937
2938, 2937
2949, 2937
2955, 2937
2937, 2938
2939, 2938
2938, 2939
2940, 2939
2941, 2939
2939, 2940
2939, 2941
2942, 2941
2947, 2941
2948, 2941
2941, 2942
2943, 2942
2946, 2942
2942, 2943
2944, 2943
2945, 2943
2943, 2944
2943, 2945
2942, 2946
2941, 2947
2941, 2948
2937, 2949
2950, 2949
2949, 2950
2951, 2950
2954, 2950
2950, 2951
2952, 2951
2953, 2951
2951, 2952
2951, 2953
2950, 2954
2937, 2955
2956, 2955
2955, 2956
2928, 2957
2958, 2957
2957, 2958
2959, 2958
2962, 2958
2958, 2959
2960, 2959
2961, 2959
2959, 2960
2959, 2961
2958, 2962
2963, 2962
2964, 2962
2965, 2962
2962, 2963
2962, 2964
2962, 2965
2967, 2966
2996, 2966
3003, 2966
3038, 2966
3048, 2966
3071, 2966
3078, 2966
3111, 2966
3117, 2966
2966, 2967
2968, 2967
2969, 2967
2970, 2967
2971, 2967
2972, 2967
2973, 2967
2967, 2968
2967, 2969
2967, 2970
2967, 2971
2967, 2972
2967, 2973
2974, 2973
2980, 2973
2986, 2973
2992, 2973
2973, 2974
2975, 2974
2974, 2975
2976, 2975
2979, 2975
2975, 2976
2977, 2976
2978, 2976
2976, 2977
2976, 2978
2975, 2979
2973, 2980
2981, 2980
2980, 2981
2982, 2981
2985, 2981
2981, 2982
2983, 2982
2984, 2982
2982, 2983
2982, 2984
2981, 2985
2973, 2986
2987, 2986
2986, 2987
2988, 2987
2991, 2987
2987, 2988
2989, 2988
2990, 2988
2988, 2989
2988, 2990
2987, 2991
2973, 2992
2993, 2992
2992, 2993
2994, 2993
2995, 2993
2993, 2994
2993, 2995
2966, 2996
2997, 2996
2996, 2997
2998, 2997
2999, 2997
2997, 2998
2997, 2999
3000, 2999
3001, 2999
3002, 2999
2999, 3000
2999, 3001
2999, 3002
2966, 3003
3004, 3003
3008, 3003
3011, 3003
3013, 3003
3003, 3004
3005, 3004
3004, 3005
3006, 3005
3007, 3005
3005, 3006
3005, 3007
3003, 3008
3009, 3008
3010, 3008
3008, 3009
3008, 3010
3003, 3011
3012, 3011
3011, 3012
3003, 3013
3014, 3013
3026, 3013
3031, 3013
3013, 3014
3015, 3014
3014, 3015
3016, 3015
3017, 3015
3015, 3016
3015, 3017
3018, 3017
3019, 3017
3020, 3017
3021, 3017
3022, 3017
3023, 3017
3024, 3017
3025, 3017
3017, 3018
3017, 3019
3017, 3020
3017, 3021
3017, 3022
3017, 3023
3017, 3024
3017, 3025
3013, 3026
3027, 3026
3026, 3027
3028, 3027
3027, 3028
3029, 3028
3030, 3028
3028, 3029
3028, 3030
3013, 3031
3032, 3031
3031, 3032
3033, 3032
3034, 3032
3035, 3032
3036, 3032
3037, 3032
3032, 3033
3032, 3034
3032, 3035
3032, 3036
3032, 3037
2966, 3038
3039, 3038
3038, 3039
3040, 3039
3041, 3039
3039, 3040
3039, 3041
3042, 3041
3043, 3041
3044, 3041
3046, 3041
3047, 3041
3041, 3042
3041, 3043
3041, 3044
3045, 3044
3044, 3045
3041, 3046
3041, 3047
2966, 3048
3049, 3048
3050, 3048
3051, 3048
3052, 3048
3048, 3049
3048, 3050
3048, 3051
3048, 3052
3053, 3052
3059, 3052
3065, 3052
3052, 3053
3054, 3053
3053, 3054
3055, 3054
3058, 3054
3054, 3055
3056, 3055
3057, 3055
3055, 3056
3055, 3057
3054, 3058
3052, 3059
3060, 3059
3059, 3060
3061, 3060
3064, 3060
3060, 3061
3062, 3061
3063, 3061
3061, 3062
3061, 3063
3060, 3064
3052, 3065
3066, 3065
3065, 3066
3067, 3066
3070, 3066
3066, 3067
3068, 3067
3069, 3067
3067, 3068
3067, 3069
3066, 3070
2966, 3071
3072, 3071
3071, 3072
3073, 3072
3074, 3072
3072, 3073
3072, 3074
3075, 3074
3076, 3074
3077, 3074
3074, 3075
3074, 3076
3074, 3077
2966, 3078
3079, 3078
3083, 3078
3086, 3078
3088, 3078
3078, 3079
3080, 3079
3079, 3080
3081, 3080
3082, 3080
3080, 3081
3080, 3082
3078, 3083
3084, 3083
3085, 3083
3083, 3084
3083, 3085
3078, 3086
3087, 3086
3086, 3087
3078, 3088
3089, 3088
3101, 3088
3106, 3088
3088, 3089
3090, 3089
3089, 3090
3091, 3090
3092, 3090
3090, 3091
3090, 3092
3093, 3092
3094, 3092
3095, 3092
3096, 3092
3097, 3092
3098, 3092
3099, 3092
3100, 3092
3092, 3093
3092, 3094
3092, 3095
3092, 3096
3092, 3097
3092, 3098
3092, 3099
3092, 3100
3088, 3101
3102, 3101
3101, 3102
3103, 3102
3102, 3103
3104, 3103
3105, 3103
3103, 3104
3103, 3105
3088, 3106
3107, 3106
3106, 3107
3108, 3107
3109, 3107
3110, 3107
3107, 3108
3107, 3109
3107, 3110
2966, 3111
3112, 3111
3111, 3112
3113, 3112
3114, 3112
3115, 3112
3112, 3113
3112, 3114
3112, 3115
3116, 3115
3115, 3116
2966, 3117
3118, 3117
3117, 3118
3119, 3118
3120, 3118
3118, 3119
3118, 3120
3121, 3120
3122, 3120
3120, 3121
3120, 3122
3124, 3123
3152, 3123
3123, 3124
3125, 3124
3126, 3124
3124, 3125
3124, 3126
3127, 3126
3134, 3126
3126, 3127
3128, 3127
3127, 3128
3129, 3128
3130, 3128
3128, 3129
3128, 3130
3131, 3130
3130, 3131
3132, 3131
3133, 3131
3131, 3132
3131, 3133
3126, 3134
3135, 3134
3138, 3134
3139, 3134
3134, 3135
3136, 3135
3135, 3136
3137, 3136
3136, 3137
3134, 3138
3134, 3139
3140, 3139
3148, 3139
3139, 3140
3141, 3140
3145, 3140
3140, 3141
3142, 3141
3141, 3142
3143, 3142
3144, 3142
3142, 3143
3142, 3144
3140, 3145
3146, 3145
3147, 3145
3145, 3146
3145, 3147
3139, 3148
3149, 3148
3148, 3149
3150, 3149
3151, 3149
3149, 3150
3149, 3151
3123, 3152
3153, 3152
3152, 3153
3154, 3153
3153, 3154
3156, 3155
3159, 3155
3170, 3155
3177, 3155
3183, 3155
3196, 3155
3205, 3155
3155, 3156
3157, 3156
3156, 3157
3158, 3157
3157, 3158
3155, 3159
3160, 3159
3161, 3159
3159, 3160
3159, 3161
3162, 3161
3168, 3161
3161, 3162
3163, 3162
3162, 3163
3164, 3163
3165, 3163
3163, 3164
3163, 3165
3166, 3165
3167, 3165
3165, 3166
3165, 3167
3161, 3168
3169, 3168
3168, 3169
3155, 3170
3171, 3170
3170, 3171
3172, 3171
3173, 3171
3171, 3172
3171, 3173
3174, 3173
3175, 3173
3176, 3173
3173, 3174
3173, 3175
3173, 3176
3155, 3177
3178, 3177
3177, 3178
3179, 3178
3182, 3178
3178, 3179
3180, 3179
3181, 3179
3179, 3180
3179, 3181
3178, 3182
3155, 3183
3184, 3183
3183, 3184
3185, 3184
3188, 3184
3191, 3184
3192, 3184
3184, 3185
3186, 3185
3187, 3185
3185, 3186
3185, 3187
3184, 3188
3189, 3188
3190, 3188
3188, 3189
3188, 3190
3184, 3191
3184, 3192
3193, 3192
3192, 3193
3194, 3193
3195, 3193
3193, 3194
3193, 3195
3155, 3196
3197, 3196
3196, 3197
3198, 3197
3204, 3197
3197, 3198
3199, 3198
3203, 3198
3198, 3199
3200, 3199
3201, 3199
3202, 3199
3199, 3200
3199, 3201
3199, 3202
3198, 3203
3197, 3204
3155, 3205
3206, 3205
3205, 3206
3207, 3206
3208, 3206
3209, 3206
3210, 3206
3206, 3207
3206, 3208
3206, 3209
3206, 3210
