1 2
1 9
1 10
1 5
1 28
1 22
2 3
2 4
4 5
4 9
4 10
4 19
4 22
4 28
4 29
4 30
4 33
4 34
4 2
4 4
5 6
5 15
5 17
5 27
5 12
5 7
6 7
6 3
6 12
6 15
6 17
6 20
6 16
6 18
6 27
6 13
7 8
7 3
7 12
7 7
7 13
7 17
7 36
7 16
9 10
9 13
9 14
9 4
9 6
9 5
10 11
11 3
11 12
11 15
11 16
11 17
11 18
11 20
11 13
11 7
11 26
13 3
13 12
13 13
13 7
13 17
14 3
15 3
15 12
15 16
15 7
15 18
15 13
16 12
16 18
16 16
16 17
17 7
17 3
17 16
17 12
17 20
17 13
17 18
17 17
17 24
17 26
17 27
17 15
17 8
19 3
19 12
19 17
19 7
20 4
20 3
18 21
21 3
21 20
21 12
21 26
22 3
22 23
24 25
26 4
26 3
26 12
27 7
27 12
27 3
28 10
28 18
28 4
28 3
29 3
29 16
29 4
30 3
30 31
31 12
31 32
33 13
33 4
33 19
34 12
23 35
35 3
35 20
