2, 1
1, 2
3, 2
2, 3
4, 3
9, 3
10, 3
11, 3
3, 4
5, 4
8, 4
4, 5
6, 5
7, 5
5, 6
5, 7
4, 8
3, 9
3, 10
3, 11
12, 11
14, 11
11, 12
13, 12
12, 13
11, 14
15, 14
14, 15
17, 16
16, 17
18, 17
17, 18
19, 18
24, 18
25, 18
26, 18
18, 19
20, 19
23, 19
19, 20
21, 20
22, 20
20, 21
20, 22
19, 23
18, 24
18, 25
18, 26
27, 26
26, 27
28, 27
27, 28
30, 29
29, 30
31, 30
30, 31
32, 31
33, 31
37, 31
31, 32
31, 33
34, 33
35, 33
36, 33
33, 34
33, 35
33, 36
31, 37
38, 37
39, 37
40, 37
41, 37
37, 38
37, 39
37, 40
37, 41
42, 41
41, 42
43, 42
42, 43
45, 44
44, 45
46, 45
55, 45
45, 46
47, 46
54, 46
46, 47
48, 47
53, 47
47, 48
49, 48
52, 48
48, 49
50, 49
51, 49
49, 50
49, 51
48, 52
47, 53
46, 54
45, 55
56, 55
55, 56
57, 56
56, 57
58, 57
59, 57
57, 58
57, 59
61, 60
60, 61
62, 61
61, 62
63, 62
68, 62
69, 62
70, 62
62, 63
64, 63
67, 63
63, 64
65, 64
66, 64
64, 65
64, 66
63, 67
62, 68
62, 69
62, 70
71, 70
70, 71
72, 71
71, 72
74, 73
73, 74
75, 74
74, 75
76, 75
81, 75
82, 75
83, 75
75, 76
77, 76
80, 76
76, 77
78, 77
79, 77
77, 78
77, 79
76, 80
75, 81
75, 82
75, 83
84, 83
86, 83
83, 84
85, 84
84, 85
83, 86
87, 86
86, 87
89, 88
88, 89
90, 89
89, 90
91, 90
92, 90
93, 90
90, 91
90, 92
90, 93
94, 93
96, 93
98, 93
93, 94
95, 94
94, 95
93, 96
97, 96
96, 97
93, 98
99, 98
98, 99
101, 100
103, 100
105, 100
107, 100
109, 100
111, 100
100, 101
102, 101
101, 102
100, 103
104, 103
103, 104
100, 105
106, 105
105, 106
100, 107
108, 107
107, 108
100, 109
110, 109
109, 110
100, 111
112, 111
111, 112
114, 113
122, 113
113, 114
115, 114
114, 115
116, 115
115, 116
117, 116
116, 117
118, 117
121, 117
117, 118
119, 118
120, 118
118, 119
118, 120
117, 121
113, 122
123, 122
122, 123
124, 123
127, 123
123, 124
125, 124
126, 124
124, 125
124, 126
123, 127
128, 127
131, 127
127, 128
129, 128
130, 128
128, 129
128, 130
127, 131
133, 132
135, 132
140, 132
132, 133
134, 133
133, 134
132, 135
136, 135
135, 136
137, 136
136, 137
138, 137
139, 137
137, 138
137, 139
132, 140
141, 140
140, 141
142, 141
145, 141
141, 142
143, 142
144, 142
142, 143
142, 144
141, 145
147, 146
146, 147
148, 147
147, 148
149, 148
154, 148
155, 148
156, 148
148, 149
150, 149
153, 149
149, 150
151, 150
152, 150
150, 151
150, 152
149, 153
148, 154
148, 155
148, 156
157, 156
159, 156
156, 157
158, 157
157, 158
156, 159
160, 159
159, 160
162, 161
161, 162
163, 162
162, 163
164, 163
167, 163
163, 164
165, 164
166, 164
164, 165
164, 166
163, 167
168, 167
173, 167
167, 168
169, 168
172, 168
168, 169
170, 169
171, 169
169, 170
169, 171
168, 172
167, 173
174, 173
173, 174
175, 174
174, 175
177, 176
182, 176
187, 176
176, 177
178, 177
177, 178
179, 178
178, 179
180, 179
181, 179
179, 180
179, 181
176, 182
183, 182
182, 183
184, 183
183, 184
185, 184
186, 184
184, 185
184, 186
176, 187
188, 187
191, 187
187, 188
189, 188
190, 188
188, 189
188, 190
187, 191
192, 191
191, 192
193, 192
192, 193
194, 193
195, 193
193, 194
193, 195
197, 196
196, 197
198, 197
197, 198
199, 198
202, 198
198, 199
200, 199
201, 199
199, 200
199, 201
198, 202
203, 202
205, 202
202, 203
204, 203
203, 204
202, 205
206, 205
205, 206
207, 206
206, 207
208, 207
207, 208
209, 208
210, 208
208, 209
208, 210
211, 210
210, 211
212, 211
211, 212
213, 212
214, 212
212, 213
212, 214
216, 215
215, 216
217, 216
216, 217
218, 217
223, 217
224, 217
225, 217
217, 218
219, 218
222, 218
218, 219
220, 219
221, 219
219, 220
219, 221
218, 222
217, 223
217, 224
217, 225
226, 225
225, 226
227, 226
226, 227
229, 228
234, 228
228, 229
230, 229
229, 230
231, 230
230, 231
232, 231
233, 231
231, 232
231, 233
228, 234
235, 234
234, 235
236, 235
241, 235
242, 235
235, 236
237, 236
240, 236
236, 237
238, 237
239, 237
237, 238
237, 239
236, 240
235, 241
235, 242
243, 242
244, 242
242, 243
242, 244
246, 245
251, 245
245, 246
247, 246
246, 247
248, 247
247, 248
249, 248
250, 248
248, 249
248, 250
245, 251
252, 251
251, 252
253, 252
254, 252
252, 253
252, 254
255, 254
259, 254
254, 255
256, 255
255, 256
257, 256
258, 256
256, 257
256, 258
254, 259
260, 259
259, 260
262, 261
264, 261
261, 262
263, 262
262, 263
261, 264
265, 264
264, 265
266, 265
267, 265
265, 266
265, 267
268, 267
270, 267
272, 267
267, 268
269, 268
268, 269
267, 270
271, 270
270, 271
267, 272
273, 272
272, 273
275, 274
281, 274
274, 275
276, 275
275, 276
277, 276
280, 276
276, 277
278, 277
279, 277
277, 278
277, 279
276, 280
274, 281
282, 281
281, 282
283, 282
286, 282
282, 283
284, 283
285, 283
283, 284
283, 285
282, 286
288, 287
287, 288
289, 288
288, 289
290, 289
295, 289
296, 289
297, 289
289, 290
291, 290
294, 290
290, 291
292, 291
293, 291
291, 292
291, 293
290, 294
289, 295
289, 296
289, 297
298, 297
300, 297
297, 298
299, 298
298, 299
297, 300
301, 300
300, 301
303, 302
305, 302
307, 302
309, 302
311, 302
313, 302
302, 303
304, 303
303, 304
302, 305
306, 305
305, 306
302, 307
308, 307
307, 308
302, 309
310, 309
309, 310
302, 311
312, 311
311, 312
302, 313
314, 313
313, 314
316, 315
315, 316
317, 316
316, 317
318, 317
319, 317
317, 318
317, 319
320, 319
330, 319
319, 320
321, 320
320, 321
322, 321
324, 321
326, 321
328, 321
321, 322
323, 322
322, 323
321, 324
325, 324
324, 325
321, 326
327, 326
326, 327
321, 328
329, 328
328, 329
319, 330
331, 330
330, 331
333, 332
332, 333
334, 333
333, 334
335, 334
340, 334
341, 334
342, 334
334, 335
336, 335
339, 335
335, 336
337, 336
338, 336
336, 337
336, 338
335, 339
334, 340
334, 341
334, 342
343, 342
345, 342
342, 343
344, 343
343, 344
342, 345
346, 345
345, 346
348, 347
354, 347
347, 348
349, 348
348, 349
350, 349
353, 349
349, 350
351, 350
352, 350
350, 351
350, 352
349, 353
347, 354
355, 354
354, 355
356, 355
359, 355
355, 356
357, 356
358, 356
356, 357
356, 358
355, 359
361, 360
360, 361
362, 361
361, 362
363, 362
368, 362
369, 362
370, 362
362, 363
364, 363
367, 363
363, 364
365, 364
366, 364
364, 365
364, 366
363, 367
362, 368
362, 369
362, 370
371, 370
370, 371
372, 371
371, 372
374, 373
373, 374
375, 374
381, 374
374, 375
376, 375
379, 375
375, 376
377, 376
378, 376
376, 377
376, 378
375, 379
380, 379
379, 380
374, 381
382, 381
381, 382
383, 382
382, 383
384, 383
385, 383
383, 384
383, 385
387, 386
386, 387
388, 387
387, 388
389, 388
394, 388
395, 388
396, 388
388, 389
390, 389
393, 389
389, 390
391, 390
392, 390
390, 391
390, 392
389, 393
388, 394
388, 395
388, 396
397, 396
396, 397
398, 397
397, 398
400, 399
409, 399
399, 400
401, 400
400, 401
402, 401
401, 402
403, 402
408, 402
402, 403
404, 403
407, 403
403, 404
405, 404
406, 404
404, 405
404, 406
403, 407
402, 408
399, 409
410, 409
409, 410
411, 410
414, 410
410, 411
412, 411
413, 411
411, 412
411, 413
410, 414
416, 415
422, 415
415, 416
417, 416
416, 417
418, 417
421, 417
417, 418
419, 418
420, 418
418, 419
418, 420
417, 421
415, 422
423, 422
422, 423
424, 423
427, 423
423, 424
425, 424
426, 424
424, 425
424, 426
423, 427
428, 427
427, 428
429, 428
428, 429
431, 430
430, 431
432, 431
431, 432
433, 432
438, 432
439, 432
440, 432
432, 433
434, 433
437, 433
433, 434
435, 434
436, 434
434, 435
434, 436
433, 437
432, 438
432, 439
432, 440
441, 440
443, 440
445, 440
447, 440
440, 441
442, 441
441, 442
440, 443
444, 443
443, 444
440, 445
446, 445
445, 446
440, 447
448, 447
447, 448
450, 449
449, 450
451, 450
450, 451
452, 451
457, 451
458, 451
459, 451
451, 452
453, 452
456, 452
452, 453
454, 453
455, 453
453, 454
453, 455
452, 456
451, 457
451, 458
451, 459
460, 459
459, 460
461, 460
460, 461
463, 462
468, 462
462, 463
464, 463
463, 464
465, 464
464, 465
466, 465
467, 465
465, 466
465, 467
462, 468
469, 468
468, 469
470, 469
475, 469
469, 470
471, 470
474, 470
470, 471
472, 471
473, 471
471, 472
471, 473
470, 474
469, 475
476, 475
477, 475
475, 476
475, 477
479, 478
478, 479
480, 479
479, 480
481, 480
484, 480
480, 481
482, 481
483, 481
481, 482
481, 483
480, 484
485, 484
487, 484
489, 484
484, 485
486, 485
485, 486
484, 487
488, 487
487, 488
484, 489
490, 489
489, 490
492, 491
497, 491
491, 492
493, 492
492, 493
494, 493
493, 494
495, 494
496, 494
494, 495
494, 496
491, 497
498, 497
497, 498
499, 498
500, 498
498, 499
498, 500
501, 500
502, 500
500, 501
500, 502
503, 502
502, 503
504, 503
503, 504
505, 504
508, 504
504, 505
506, 505
507, 505
505, 506
505, 507
504, 508
510, 509
509, 510
511, 510
510, 511
512, 511
515, 511
511, 512
513, 512
514, 512
512, 513
512, 514
511, 515
516, 515
515, 516
517, 516
516, 517
518, 517
520, 517
517, 518
519, 518
518, 519
517, 520
521, 520
520, 521
523, 522
531, 522
522, 523
524, 523
523, 524
525, 524
524, 525
526, 525
525, 526
527, 526
530, 526
526, 527
528, 527
529, 527
527, 528
527, 529
526, 530
522, 531
532, 531
531, 532
533, 532
536, 532
532, 533
534, 533
535, 533
533, 534
533, 535
532, 536
538, 537
537, 538
539, 538
538, 539
540, 539
547, 539
539, 540
541, 540
546, 540
540, 541
542, 541
545, 541
541, 542
543, 542
544, 542
542, 543
542, 544
541, 545
540, 546
539, 547
548, 547
550, 547
547, 548
549, 548
548, 549
547, 550
551, 550
550, 551
553, 552
552, 553
554, 553
553, 554
555, 554
558, 554
554, 555
556, 555
557, 555
555, 556
555, 557
554, 558
559, 558
563, 558
558, 559
560, 559
559, 560
561, 560
562, 560
560, 561
560, 562
558, 563
565, 564
564, 565
566, 565
565, 566
567, 566
568, 566
566, 567
566, 568
569, 568
571, 568
573, 568
575, 568
577, 568
579, 568
568, 569
570, 569
569, 570
568, 571
572, 571
571, 572
568, 573
574, 573
573, 574
568, 575
576, 575
575, 576
568, 577
578, 577
577, 578
568, 579
580, 579
579, 580
582, 581
590, 581
581, 582
583, 582
582, 583
584, 583
583, 584
585, 584
584, 585
586, 585
589, 585
585, 586
587, 586
588, 586
586, 587
586, 588
585, 589
581, 590
591, 590
590, 591
592, 591
595, 591
591, 592
593, 592
594, 592
592, 593
592, 594
591, 595
596, 595
599, 595
595, 596
597, 596
598, 596
596, 597
596, 598
595, 599
601, 600
600, 601
602, 601
601, 602
603, 602
608, 602
609, 602
610, 602
602, 603
604, 603
607, 603
603, 604
605, 604
606, 604
604, 605
604, 606
603, 607
602, 608
602, 609
602, 610
611, 610
613, 610
610, 611
612, 611
611, 612
610, 613
614, 613
613, 614
616, 615
615, 616
617, 616
616, 617
618, 617
623, 617
624, 617
625, 617
617, 618
619, 618
622, 618
618, 619
620, 619
621, 619
619, 620
619, 621
618, 622
617, 623
617, 624
617, 625
626, 625
628, 625
630, 625
632, 625
625, 626
627, 626
626, 627
625, 628
629, 628
628, 629
625, 630
631, 630
630, 631
625, 632
633, 632
632, 633
635, 634
643, 634
634, 635
636, 635
635, 636
637, 636
636, 637
638, 637
637, 638
639, 638
642, 638
638, 639
640, 639
641, 639
639, 640
639, 641
638, 642
634, 643
644, 643
643, 644
645, 644
648, 644
644, 645
646, 645
647, 645
645, 646
645, 647
644, 648
649, 648
652, 648
648, 649
650, 649
651, 649
649, 650
649, 651
648, 652
654, 653
661, 653
653, 654
655, 654
654, 655
656, 655
655, 656
657, 656
660, 656
656, 657
658, 657
659, 657
657, 658
657, 659
656, 660
653, 661
662, 661
661, 662
663, 662
666, 662
662, 663
664, 663
665, 663
663, 664
663, 665
662, 666
667, 666
668, 666
666, 667
666, 668
670, 669
672, 669
669, 670
671, 670
670, 671
669, 672
673, 672
672, 673
674, 673
677, 673
673, 674
675, 674
676, 674
674, 675
674, 676
673, 677
678, 677
677, 678
679, 678
678, 679
680, 679
679, 680
681, 680
683, 680
685, 680
680, 681
682, 681
681, 682
680, 683
684, 683
683, 684
680, 685
686, 685
685, 686
688, 687
693, 687
687, 688
689, 688
688, 689
690, 689
689, 690
691, 690
692, 690
690, 691
690, 692
687, 693
694, 693
693, 694
695, 694
698, 694
694, 695
696, 695
697, 695
695, 696
695, 697
694, 698
700, 699
705, 699
699, 700
701, 700
700, 701
702, 701
701, 702
703, 702
704, 702
702, 703
702, 704
699, 705
706, 705
705, 706
707, 706
708, 706
706, 707
706, 708
709, 708
710, 708
708, 709
708, 710
712, 711
711, 712
713, 712
712, 713
714, 713
719, 713
713, 714
715, 714
718, 714
714, 715
716, 715
717, 715
715, 716
715, 717
714, 718
713, 719
720, 719
723, 719
719, 720
721, 720
720, 721
722, 721
721, 722
719, 723
724, 723
723, 724
725, 724
724, 725
727, 726
726, 727
728, 727
727, 728
729, 728
732, 728
728, 729
730, 729
731, 729
729, 730
729, 731
728, 732
733, 732
735, 732
737, 732
739, 732
741, 732
743, 732
732, 733
734, 733
733, 734
732, 735
736, 735
735, 736
732, 737
738, 737
737, 738
732, 739
740, 739
739, 740
732, 741
742, 741
741, 742
732, 743
744, 743
743, 744
746, 745
754, 745
745, 746
747, 746
748, 746
749, 746
746, 747
746, 748
746, 749
750, 749
749, 750
751, 750
750, 751
752, 751
753, 751
751, 752
751, 753
745, 754
755, 754
754, 755
756, 755
759, 755
755, 756
757, 756
758, 756
756, 757
756, 758
755, 759
