2, 1
1, 2
3, 2
2, 3
4, 3
9, 3
10, 3
11, 3
3, 4
5, 4
8, 4
4, 5
6, 5
7, 5
5, 6
5, 7
4, 8
3, 9
3, 10
3, 11
12, 11
14, 11
16, 11
18, 11
20, 11
11, 12
13, 12
12, 13
11, 14
15, 14
14, 15
11, 16
17, 16
16, 17
11, 18
19, 18
18, 19
11, 20
21, 20
20, 21
23, 22
22, 23
24, 23
23, 24
25, 24
28, 24
29, 24
46, 24
24, 25
26, 25
27, 25
25, 26
25, 27
24, 28
24, 29
30, 29
31, 29
29, 30
29, 31
32, 31
31, 32
33, 32
32, 33
34, 33
39, 33
40, 33
41, 33
33, 34
35, 34
38, 34
34, 35
36, 35
37, 35
35, 36
35, 37
34, 38
33, 39
33, 40
33, 41
42, 41
44, 41
41, 42
43, 42
42, 43
41, 44
45, 44
44, 45
24, 46
48, 47
47, 48
49, 48
48, 49
50, 49
53, 49
49, 50
51, 50
52, 50
50, 51
50, 52
49, 53
54, 53
53, 54
56, 55
55, 56
57, 56
56, 57
58, 57
59, 57
57, 58
57, 59
60, 59
63, 59
59, 60
61, 60
62, 60
60, 61
60, 62
59, 63
65, 64
64, 65
66, 65
65, 66
67, 66
72, 66
73, 66
74, 66
66, 67
68, 67
71, 67
67, 68
69, 68
70, 68
68, 69
68, 70
67, 71
66, 72
66, 73
66, 74
75, 74
77, 74
74, 75
76, 75
75, 76
74, 77
78, 77
77, 78
80, 79
79, 80
81, 80
80, 81
82, 81
87, 81
88, 81
89, 81
81, 82
83, 82
86, 82
82, 83
84, 83
85, 83
83, 84
83, 85
82, 86
81, 87
81, 88
81, 89
90, 89
89, 90
91, 90
90, 91
93, 92
92, 93
94, 93
93, 94
95, 94
96, 94
100, 94
94, 95
94, 96
97, 96
98, 96
99, 96
96, 97
96, 98
96, 99
94, 100
101, 100
102, 100
103, 100
104, 100
100, 101
100, 102
100, 103
100, 104
105, 104
104, 105
106, 105
105, 106
108, 107
107, 108
109, 108
118, 108
108, 109
110, 109
117, 109
109, 110
111, 110
116, 110
110, 111
112, 111
115, 111
111, 112
113, 112
114, 112
112, 113
112, 114
111, 115
110, 116
109, 117
108, 118
119, 118
118, 119
120, 119
119, 120
121, 120
122, 120
120, 121
120, 122
124, 123
123, 124
125, 124
124, 125
126, 125
131, 125
132, 125
133, 125
125, 126
127, 126
130, 126
126, 127
128, 127
129, 127
127, 128
127, 129
126, 130
125, 131
125, 132
125, 133
134, 133
133, 134
135, 134
134, 135
137, 136
136, 137
138, 137
137, 138
139, 138
144, 138
145, 138
146, 138
138, 139
140, 139
143, 139
139, 140
141, 140
142, 140
140, 141
140, 142
139, 143
138, 144
138, 145
138, 146
147, 146
149, 146
146, 147
148, 147
147, 148
146, 149
150, 149
149, 150
152, 151
151, 152
153, 152
152, 153
154, 153
155, 153
156, 153
153, 154
153, 155
153, 156
157, 156
159, 156
161, 156
156, 157
158, 157
157, 158
156, 159
160, 159
159, 160
156, 161
162, 161
161, 162
164, 163
166, 163
168, 163
170, 163
172, 163
174, 163
163, 164
165, 164
164, 165
163, 166
167, 166
166, 167
163, 168
169, 168
168, 169
163, 170
171, 170
170, 171
163, 172
173, 172
172, 173
163, 174
175, 174
174, 175
177, 176
185, 176
176, 177
178, 177
177, 178
179, 178
178, 179
180, 179
179, 180
181, 180
184, 180
180, 181
182, 181
183, 181
181, 182
181, 183
180, 184
176, 185
186, 185
185, 186
187, 186
190, 186
186, 187
188, 187
189, 187
187, 188
187, 189
186, 190
191, 190
194, 190
190, 191
192, 191
193, 191
191, 192
191, 193
190, 194
196, 195
198, 195
203, 195
195, 196
197, 196
196, 197
195, 198
199, 198
198, 199
200, 199
199, 200
201, 200
202, 200
200, 201
200, 202
195, 203
204, 203
203, 204
205, 204
208, 204
204, 205
206, 205
207, 205
205, 206
205, 207
204, 208
210, 209
209, 210
211, 210
210, 211
212, 211
217, 211
218, 211
219, 211
211, 212
213, 212
216, 212
212, 213
214, 213
215, 213
213, 214
213, 215
212, 216
211, 217
211, 218
211, 219
220, 219
222, 219
219, 220
221, 220
220, 221
219, 222
223, 222
222, 223
225, 224
224, 225
226, 225
225, 226
227, 226
230, 226
226, 227
228, 227
229, 227
227, 228
227, 229
226, 230
231, 230
236, 230
230, 231
232, 231
235, 231
231, 232
233, 232
234, 232
232, 233
232, 234
231, 235
230, 236
237, 236
236, 237
238, 237
237, 238
240, 239
245, 239
250, 239
239, 240
241, 240
240, 241
242, 241
241, 242
243, 242
244, 242
242, 243
242, 244
239, 245
246, 245
245, 246
247, 246
246, 247
248, 247
249, 247
247, 248
247, 249
239, 250
251, 250
254, 250
250, 251
252, 251
253, 251
251, 252
251, 253
250, 254
255, 254
254, 255
256, 255
255, 256
257, 256
258, 256
256, 257
256, 258
260, 259
259, 260
261, 260
260, 261
262, 261
265, 261
261, 262
263, 262
264, 262
262, 263
262, 264
261, 265
266, 265
268, 265
265, 266
267, 266
266, 267
265, 268
269, 268
268, 269
270, 269
269, 270
271, 270
270, 271
272, 271
273, 271
271, 272
271, 273
274, 273
273, 274
275, 274
274, 275
276, 275
277, 275
275, 276
275, 277
279, 278
278, 279
280, 279
279, 280
281, 280
286, 280
287, 280
288, 280
280, 281
282, 281
285, 281
281, 282
283, 282
284, 282
282, 283
282, 284
281, 285
280, 286
280, 287
280, 288
289, 288
288, 289
290, 289
289, 290
292, 291
297, 291
291, 292
293, 292
292, 293
294, 293
293, 294
295, 294
296, 294
294, 295
294, 296
291, 297
298, 297
297, 298
299, 298
304, 298
305, 298
298, 299
300, 299
303, 299
299, 300
301, 300
302, 300
300, 301
300, 302
299, 303
298, 304
298, 305
306, 305
307, 305
305, 306
305, 307
309, 308
314, 308
308, 309
310, 309
309, 310
311, 310
310, 311
312, 311
313, 311
311, 312
311, 313
308, 314
315, 314
314, 315
316, 315
317, 315
315, 316
315, 317
318, 317
322, 317
317, 318
319, 318
318, 319
320, 319
321, 319
319, 320
319, 321
317, 322
323, 322
322, 323
325, 324
327, 324
324, 325
326, 325
325, 326
324, 327
328, 327
327, 328
329, 328
330, 328
328, 329
328, 330
331, 330
333, 330
335, 330
330, 331
332, 331
331, 332
330, 333
334, 333
333, 334
330, 335
336, 335
335, 336
338, 337
344, 337
337, 338
339, 338
338, 339
340, 339
343, 339
339, 340
341, 340
342, 340
340, 341
340, 342
339, 343
337, 344
345, 344
344, 345
346, 345
349, 345
345, 346
347, 346
348, 346
346, 347
346, 348
345, 349
351, 350
350, 351
352, 351
351, 352
353, 352
358, 352
359, 352
360, 352
352, 353
354, 353
357, 353
353, 354
355, 354
356, 354
354, 355
354, 356
353, 357
352, 358
352, 359
352, 360
361, 360
363, 360
360, 361
362, 361
361, 362
360, 363
364, 363
363, 364
366, 365
368, 365
370, 365
372, 365
374, 365
376, 365
365, 366
367, 366
366, 367
365, 368
369, 368
368, 369
365, 370
371, 370
370, 371
365, 372
373, 372
372, 373
365, 374
375, 374
374, 375
365, 376
377, 376
376, 377
379, 378
378, 379
380, 379
379, 380
381, 380
382, 380
380, 381
380, 382
383, 382
393, 382
382, 383
384, 383
383, 384
385, 384
387, 384
389, 384
391, 384
384, 385
386, 385
385, 386
384, 387
388, 387
387, 388
384, 389
390, 389
389, 390
384, 391
392, 391
391, 392
382, 393
394, 393
393, 394
396, 395
395, 396
397, 396
396, 397
398, 397
403, 397
404, 397
405, 397
397, 398
399, 398
402, 398
398, 399
400, 399
401, 399
399, 400
399, 401
398, 402
397, 403
397, 404
397, 405
406, 405
408, 405
405, 406
407, 406
406, 407
405, 408
409, 408
408, 409
411, 410
417, 410
410, 411
412, 411
411, 412
413, 412
416, 412
412, 413
414, 413
415, 413
413, 414
413, 415
412, 416
410, 417
418, 417
417, 418
419, 418
422, 418
418, 419
420, 419
421, 419
419, 420
419, 421
418, 422
424, 423
423, 424
425, 424
424, 425
426, 425
431, 425
432, 425
433, 425
425, 426
427, 426
430, 426
426, 427
428, 427
429, 427
427, 428
427, 429
426, 430
425, 431
425, 432
425, 433
434, 433
433, 434
435, 434
434, 435
437, 436
436, 437
438, 437
444, 437
437, 438
439, 438
442, 438
438, 439
440, 439
441, 439
439, 440
439, 441
438, 442
443, 442
442, 443
437, 444
445, 444
444, 445
446, 445
445, 446
447, 446
448, 446
446, 447
446, 448
450, 449
449, 450
451, 450
450, 451
452, 451
457, 451
458, 451
459, 451
451, 452
453, 452
456, 452
452, 453
454, 453
455, 453
453, 454
453, 455
452, 456
451, 457
451, 458
451, 459
460, 459
459, 460
461, 460
460, 461
463, 462
472, 462
462, 463
464, 463
463, 464
465, 464
464, 465
466, 465
471, 465
465, 466
467, 466
470, 466
466, 467
468, 467
469, 467
467, 468
467, 469
466, 470
465, 471
462, 472
473, 472
472, 473
474, 473
477, 473
473, 474
475, 474
476, 474
474, 475
474, 476
473, 477
479, 478
485, 478
478, 479
480, 479
479, 480
481, 480
484, 480
480, 481
482, 481
483, 481
481, 482
481, 483
480, 484
478, 485
486, 485
485, 486
487, 486
490, 486
486, 487
488, 487
489, 487
487, 488
487, 489
486, 490
491, 490
490, 491
492, 491
491, 492
494, 493
493, 494
495, 494
494, 495
496, 495
501, 495
502, 495
503, 495
495, 496
497, 496
500, 496
496, 497
498, 497
499, 497
497, 498
497, 499
496, 500
495, 501
495, 502
495, 503
504, 503
506, 503
508, 503
510, 503
503, 504
505, 504
504, 505
503, 506
507, 506
506, 507
503, 508
509, 508
508, 509
503, 510
511, 510
510, 511
513, 512
512, 513
514, 513
513, 514
515, 514
520, 514
521, 514
522, 514
514, 515
516, 515
519, 515
515, 516
517, 516
518, 516
516, 517
516, 518
515, 519
514, 520
514, 521
514, 522
523, 522
522, 523
524, 523
523, 524
526, 525
531, 525
525, 526
527, 526
526, 527
528, 527
527, 528
529, 528
530, 528
528, 529
528, 530
525, 531
532, 531
531, 532
533, 532
538, 532
532, 533
534, 533
537, 533
533, 534
535, 534
536, 534
534, 535
534, 536
533, 537
532, 538
539, 538
540, 538
538, 539
538, 540
542, 541
541, 542
543, 542
542, 543
544, 543
547, 543
543, 544
545, 544
546, 544
544, 545
544, 546
543, 547
548, 547
550, 547
552, 547
547, 548
549, 548
548, 549
547, 550
551, 550
550, 551
547, 552
553, 552
552, 553
555, 554
560, 554
554, 555
556, 555
555, 556
557, 556
556, 557
558, 557
559, 557
557, 558
557, 559
554, 560
561, 560
560, 561
562, 561
563, 561
561, 562
561, 563
564, 563
565, 563
563, 564
563, 565
566, 565
565, 566
567, 566
566, 567
568, 567
571, 567
567, 568
569, 568
570, 568
568, 569
568, 570
567, 571
573, 572
572, 573
574, 573
573, 574
575, 574
578, 574
574, 575
576, 575
577, 575
575, 576
575, 577
574, 578
579, 578
578, 579
580, 579
579, 580
581, 580
583, 580
580, 581
582, 581
581, 582
580, 583
584, 583
583, 584
586, 585
594, 585
585, 586
587, 586
586, 587
588, 587
587, 588
589, 588
588, 589
590, 589
593, 589
589, 590
591, 590
592, 590
590, 591
590, 592
589, 593
585, 594
595, 594
594, 595
596, 595
599, 595
595, 596
597, 596
598, 596
596, 597
596, 598
595, 599
601, 600
600, 601
602, 601
601, 602
603, 602
610, 602
602, 603
604, 603
609, 603
603, 604
605, 604
608, 604
604, 605
606, 605
607, 605
605, 606
605, 607
604, 608
603, 609
602, 610
611, 610
613, 610
610, 611
612, 611
611, 612
610, 613
614, 613
613, 614
616, 615
615, 616
617, 616
616, 617
618, 617
621, 617
617, 618
619, 618
620, 618
618, 619
618, 620
617, 621
622, 621
626, 621
621, 622
623, 622
622, 623
624, 623
625, 623
623, 624
623, 625
621, 626
628, 627
627, 628
629, 628
628, 629
630, 629
631, 629
629, 630
629, 631
632, 631
634, 631
636, 631
638, 631
640, 631
642, 631
631, 632
633, 632
632, 633
631, 634
635, 634
634, 635
631, 636
637, 636
636, 637
631, 638
639, 638
638, 639
631, 640
641, 640
640, 641
631, 642
643, 642
642, 643
645, 644
653, 644
644, 645
646, 645
645, 646
647, 646
646, 647
648, 647
647, 648
649, 648
652, 648
648, 649
650, 649
651, 649
649, 650
649, 651
648, 652
644, 653
654, 653
653, 654
655, 654
658, 654
654, 655
656, 655
657, 655
655, 656
655, 657
654, 658
659, 658
662, 658
658, 659
660, 659
661, 659
659, 660
659, 661
658, 662
664, 663
663, 664
665, 664
664, 665
666, 665
671, 665
672, 665
673, 665
665, 666
667, 666
670, 666
666, 667
668, 667
669, 667
667, 668
667, 669
666, 670
665, 671
665, 672
665, 673
674, 673
676, 673
673, 674
675, 674
674, 675
673, 676
677, 676
676, 677
679, 678
678, 679
680, 679
679, 680
681, 680
686, 680
687, 680
688, 680
680, 681
682, 681
685, 681
681, 682
683, 682
684, 682
682, 683
682, 684
681, 685
680, 686
680, 687
680, 688
689, 688
691, 688
693, 688
695, 688
688, 689
690, 689
689, 690
688, 691
692, 691
691, 692
688, 693
694, 693
693, 694
688, 695
696, 695
695, 696
698, 697
706, 697
697, 698
699, 698
698, 699
700, 699
699, 700
701, 700
700, 701
702, 701
705, 701
701, 702
703, 702
704, 702
702, 703
702, 704
701, 705
697, 706
707, 706
706, 707
708, 707
711, 707
707, 708
709, 708
710, 708
708, 709
708, 710
707, 711
712, 711
715, 711
711, 712
713, 712
714, 712
712, 713
712, 714
711, 715
717, 716
724, 716
716, 717
718, 717
717, 718
719, 718
718, 719
720, 719
723, 719
719, 720
721, 720
722, 720
720, 721
720, 722
719, 723
716, 724
725, 724
724, 725
726, 725
729, 725
725, 726
727, 726
728, 726
726, 727
726, 728
725, 729
730, 729
731, 729
729, 730
729, 731
733, 732
735, 732
732, 733
734, 733
733, 734
732, 735
736, 735
735, 736
737, 736
740, 736
736, 737
738, 737
739, 737
737, 738
737, 739
736, 740
741, 740
740, 741
742, 741
741, 742
743, 742
742, 743
744, 743
746, 743
748, 743
743, 744
745, 744
744, 745
743, 746
747, 746
746, 747
743, 748
749, 748
748, 749
751, 750
756, 750
750, 751
752, 751
751, 752
753, 752
752, 753
754, 753
755, 753
753, 754
753, 755
750, 756
757, 756
756, 757
758, 757
761, 757
757, 758
759, 758
760, 758
758, 759
758, 760
757, 761
