2, 1
1, 2
3, 2
2, 3
4, 3
5, 3
6, 3
3, 4
3, 5
3, 6
7, 6
9, 6
6, 7
8, 7
7, 8
6, 9
10, 9
9, 10
12, 11
11, 12
13, 12
12, 13
14, 13
17, 13
13, 14
15, 14
16, 14
14, 15
14, 16
13, 17
18, 17
17, 18
20, 19
19, 20
21, 20
20, 21
22, 21
23, 21
21, 22
21, 23
24, 23
27, 23
23, 24
25, 24
26, 24
24, 25
24, 26
23, 27
29, 28
28, 29
30, 29
29, 30
31, 30
34, 30
35, 30
30, 31
32, 31
33, 31
31, 32
31, 33
30, 34
30, 35
36, 35
35, 36
37, 36
36, 37
39, 38
38, 39
40, 39
39, 40
41, 40
42, 40
43, 40
40, 41
40, 42
40, 43
44, 43
46, 43
43, 44
45, 44
44, 45
43, 46
47, 46
46, 47
49, 48
48, 49
50, 49
49, 50
51, 50
52, 50
53, 50
50, 51
50, 52
50, 53
54, 53
56, 53
53, 54
55, 54
54, 55
53, 56
57, 56
56, 57
59, 58
58, 59
60, 59
59, 60
61, 60
62, 60
63, 60
60, 61
60, 62
60, 63
64, 63
66, 63
63, 64
65, 64
64, 65
63, 66
67, 66
66, 67
69, 68
68, 69
70, 69
69, 70
71, 70
74, 70
70, 71
72, 71
73, 71
71, 72
71, 73
70, 74
76, 75
75, 76
77, 76
76, 77
78, 77
81, 77
77, 78
79, 78
80, 78
78, 79
78, 80
77, 81
83, 82
82, 83
84, 83
83, 84
85, 84
86, 84
84, 85
84, 86
87, 86
89, 86
86, 87
88, 87
87, 88
86, 89
90, 89
89, 90
92, 91
91, 92
93, 92
94, 92
92, 93
92, 94
95, 94
94, 95
96, 95
95, 96
98, 97
97, 98
99, 98
98, 99
100, 99
101, 99
102, 99
99, 100
99, 101
99, 102
103, 102
105, 102
102, 103
104, 103
103, 104
102, 105
106, 105
105, 106
108, 107
107, 108
109, 108
108, 109
110, 109
113, 109
109, 110
111, 110
112, 110
110, 111
110, 112
109, 113
114, 113
115, 113
113, 114
113, 115
117, 116
116, 117
118, 117
117, 118
119, 118
120, 118
118, 119
118, 120
121, 120
123, 120
120, 121
122, 121
121, 122
120, 123
124, 123
123, 124
126, 125
125, 126
127, 126
126, 127
128, 127
129, 127
130, 127
127, 128
127, 129
127, 130
131, 130
130, 131
132, 131
131, 132
134, 133
136, 133
133, 134
135, 134
134, 135
133, 136
138, 137
137, 138
139, 138
138, 139
140, 139
143, 139
139, 140
141, 140
142, 140
140, 141
140, 142
139, 143
145, 144
144, 145
146, 145
145, 146
147, 146
148, 146
146, 147
146, 148
150, 149
149, 150
151, 150
150, 151
152, 151
153, 151
151, 152
151, 153
154, 153
156, 153
153, 154
155, 154
154, 155
153, 156
157, 156
156, 157
159, 158
158, 159
160, 159
161, 159
159, 160
159, 161
162, 161
161, 162
163, 162
162, 163
165, 164
164, 165
166, 165
165, 166
167, 166
168, 166
166, 167
166, 168
170, 169
169, 170
171, 170
170, 171
172, 171
175, 171
171, 172
173, 172
174, 172
172, 173
172, 174
171, 175
176, 175
177, 175
175, 176
175, 177
179, 178
181, 178
178, 179
180, 179
179, 180
178, 181
182, 181
183, 181
181, 182
181, 183
184, 183
183, 184
185, 184
184, 185
186, 185
187, 185
185, 186
185, 187
189, 188
188, 189
190, 189
189, 190
191, 190
192, 190
190, 191
190, 192
193, 192
192, 193
194, 193
193, 194
196, 195
195, 196
197, 196
196, 197
198, 197
199, 197
200, 197
197, 198
197, 199
197, 200
201, 200
200, 201
202, 201
201, 202
204, 203
203, 204
205, 204
204, 205
206, 205
209, 205
210, 205
205, 206
207, 206
208, 206
206, 207
206, 208
205, 209
205, 210
211, 210
210, 211
212, 211
211, 212
214, 213
213, 214
215, 214
214, 215
216, 215
219, 215
215, 216
217, 216
218, 216
216, 217
216, 218
215, 219
220, 219
219, 220
221, 220
220, 221
223, 222
222, 223
224, 223
223, 224
225, 224
226, 224
224, 225
224, 226
227, 226
229, 226
226, 227
228, 227
227, 228
226, 229
230, 229
229, 230
232, 231
231, 232
233, 232
232, 233
234, 233
235, 233
238, 233
233, 234
233, 235
236, 235
237, 235
235, 236
235, 237
233, 238
239, 238
238, 239
241, 240
240, 241
242, 241
241, 242
243, 242
242, 243
244, 243
243, 244
246, 245
245, 246
247, 246
246, 247
248, 247
249, 247
247, 248
247, 249
251, 250
253, 250
250, 251
252, 251
251, 252
250, 253
254, 253
253, 254
255, 254
258, 254
259, 254
254, 255
256, 255
257, 255
255, 256
255, 257
254, 258
254, 259
261, 260
260, 261
262, 261
261, 262
263, 262
264, 262
265, 262
262, 263
262, 264
262, 265
266, 265
268, 265
265, 266
267, 266
266, 267
265, 268
269, 268
268, 269
271, 270
270, 271
272, 271
271, 272
273, 272
274, 272
275, 272
272, 273
272, 274
272, 275
276, 275
275, 276
277, 276
276, 277
279, 278
278, 279
280, 279
279, 280
281, 280
284, 280
280, 281
282, 281
283, 281
281, 282
281, 283
280, 284
285, 284
284, 285
286, 285
285, 286
288, 287
287, 288
289, 288
288, 289
290, 289
291, 289
289, 290
289, 291
292, 291
291, 292
293, 292
292, 293
295, 294
294, 295
296, 295
295, 296
297, 296
300, 296
296, 297
298, 297
299, 297
297, 298
297, 299
296, 300
301, 300
302, 300
300, 301
300, 302
304, 303
303, 304
305, 304
304, 305
306, 305
309, 305
305, 306
307, 306
308, 306
306, 307
306, 308
305, 309
311, 310
310, 311
312, 311
311, 312
313, 312
316, 312
317, 312
312, 313
314, 313
315, 313
313, 314
313, 315
312, 316
312, 317
318, 317
317, 318
319, 318
318, 319
321, 320
320, 321
322, 321
321, 322
323, 322
324, 322
322, 323
322, 324
326, 325
325, 326
327, 326
326, 327
328, 327
331, 327
327, 328
329, 328
330, 328
328, 329
328, 330
327, 331
333, 332
332, 333
334, 333
333, 334
335, 334
338, 334
334, 335
336, 335
337, 335
335, 336
335, 337
334, 338
340, 339
339, 340
341, 340
340, 341
342, 341
345, 341
341, 342
343, 342
344, 342
342, 343
342, 344
341, 345
347, 346
346, 347
348, 347
347, 348
349, 348
352, 348
348, 349
350, 349
351, 349
349, 350
349, 351
348, 352
354, 353
353, 354
355, 354
354, 355
356, 355
359, 355
355, 356
357, 356
358, 356
356, 357
356, 358
355, 359
361, 360
360, 361
362, 361
361, 362
363, 362
366, 362
367, 362
362, 363
364, 363
365, 363
363, 364
363, 365
362, 366
362, 367
368, 367
367, 368
369, 368
368, 369
371, 370
370, 371
372, 371
377, 371
371, 372
373, 372
372, 373
374, 373
373, 374
375, 374
376, 374
374, 375
374, 376
371, 377
378, 377
377, 378
380, 379
379, 380
381, 380
380, 381
382, 381
385, 381
381, 382
383, 382
384, 382
382, 383
382, 384
381, 385
387, 386
386, 387
388, 387
389, 387
387, 388
387, 389
390, 389
389, 390
391, 390
390, 391
392, 391
391, 392
393, 392
394, 392
392, 393
392, 394
396, 395
395, 396
397, 396
396, 397
398, 397
399, 397
400, 397
397, 398
397, 399
397, 400
401, 400
400, 401
402, 401
401, 402
404, 403
403, 404
405, 404
404, 405
406, 405
407, 405
405, 406
405, 407
408, 407
407, 408
410, 409
409, 410
411, 410
410, 411
412, 411
415, 411
411, 412
413, 412
414, 412
412, 413
412, 414
411, 415
417, 416
416, 417
418, 417
417, 418
419, 418
422, 418
418, 419
420, 419
421, 419
419, 420
419, 421
418, 422
424, 423
423, 424
425, 424
424, 425
426, 425
427, 425
428, 425
425, 426
425, 427
425, 428
429, 428
431, 428
428, 429
430, 429
429, 430
428, 431
432, 431
431, 432
434, 433
437, 433
433, 434
435, 434
434, 435
436, 435
435, 436
433, 437
438, 437
437, 438
439, 438
442, 438
438, 439
440, 439
441, 439
439, 440
439, 441
438, 442
444, 443
443, 444
445, 444
444, 445
446, 445
447, 445
448, 445
445, 446
445, 447
445, 448
449, 448
451, 448
448, 449
450, 449
449, 450
448, 451
452, 451
451, 452
454, 453
453, 454
455, 454
456, 454
454, 455
454, 456
457, 456
456, 457
458, 457
457, 458
459, 458
462, 458
458, 459
460, 459
461, 459
459, 460
459, 461
458, 462
464, 463
466, 463
463, 464
465, 464
464, 465
463, 466
467, 466
466, 467
468, 467
471, 467
472, 467
467, 468
469, 468
470, 468
468, 469
468, 470
467, 471
467, 472
474, 473
473, 474
475, 474
474, 475
476, 475
477, 475
478, 475
475, 476
475, 477
475, 478
479, 478
478, 479
480, 479
479, 480
482, 481
485, 481
481, 482
483, 482
482, 483
484, 483
483, 484
481, 485
486, 485
485, 486
487, 486
490, 486
486, 487
488, 487
489, 487
487, 488
487, 489
486, 490
492, 491
491, 492
493, 492
492, 493
494, 493
497, 493
498, 493
493, 494
495, 494
496, 494
494, 495
494, 496
493, 497
493, 498
499, 498
498, 499
500, 499
499, 500
502, 501
505, 501
501, 502
503, 502
502, 503
504, 503
503, 504
501, 505
506, 505
505, 506
507, 506
510, 506
506, 507
508, 507
509, 507
507, 508
507, 509
506, 510
512, 511
511, 512
513, 512
512, 513
514, 513
517, 513
518, 513
513, 514
515, 514
516, 514
514, 515
514, 516
513, 517
513, 518
520, 519
519, 520
521, 520
520, 521
522, 521
525, 521
521, 522
523, 522
524, 522
522, 523
522, 524
521, 525
527, 526
526, 527
528, 527
527, 528
529, 528
532, 528
528, 529
530, 529
531, 529
529, 530
529, 531
528, 532
533, 532
534, 532
532, 533
532, 534
536, 535
535, 536
537, 536
536, 537
538, 537
541, 537
537, 538
539, 538
540, 538
538, 539
538, 540
537, 541
543, 542
542, 543
544, 543
543, 544
545, 544
548, 544
549, 544
544, 545
546, 545
547, 545
545, 546
545, 547
544, 548
544, 549
550, 549
549, 550
551, 550
550, 551
553, 552
555, 552
552, 553
554, 553
553, 554
552, 555
556, 555
558, 555
555, 556
557, 556
556, 557
555, 558
559, 558
558, 559
561, 560
560, 561
562, 561
561, 562
563, 562
566, 562
562, 563
564, 563
565, 563
563, 564
563, 565
562, 566
568, 567
570, 567
567, 568
569, 568
568, 569
567, 570
571, 570
570, 571
572, 571
575, 571
576, 571
571, 572
573, 572
574, 572
572, 573
572, 574
571, 575
571, 576
578, 577
577, 578
579, 578
580, 578
578, 579
578, 580
581, 580
580, 581
582, 581
581, 582
584, 583
583, 584
585, 584
584, 585
586, 585
587, 585
588, 585
585, 586
585, 587
585, 588
589, 588
591, 588
588, 589
590, 589
589, 590
588, 591
592, 591
591, 592
594, 593
593, 594
595, 594
594, 595
596, 595
599, 595
595, 596
597, 596
598, 596
596, 597
596, 598
595, 599
600, 599
601, 599
599, 600
599, 601
603, 602
602, 603
604, 603
603, 604
605, 604
608, 604
604, 605
606, 605
607, 605
605, 606
605, 607
604, 608
610, 609
609, 610
611, 610
610, 611
612, 611
615, 611
611, 612
613, 612
614, 612
612, 613
612, 614
611, 615
617, 616
616, 617
618, 617
617, 618
619, 618
620, 618
621, 618
618, 619
618, 620
618, 621
622, 621
624, 621
621, 622
623, 622
622, 623
621, 624
625, 624
624, 625
627, 626
626, 627
628, 627
629, 627
627, 628
627, 629
631, 630
630, 631
632, 631
631, 632
633, 632
634, 632
635, 632
632, 633
632, 634
632, 635
636, 635
635, 636
638, 637
637, 638
639, 638
638, 639
640, 639
641, 639
642, 639
639, 640
639, 641
639, 642
643, 642
642, 643
644, 643
643, 644
646, 645
645, 646
647, 646
646, 647
648, 647
651, 647
647, 648
649, 648
650, 648
648, 649
648, 650
647, 651
652, 651
653, 651
651, 652
651, 653
655, 654
654, 655
656, 655
655, 656
657, 656
660, 656
656, 657
658, 657
659, 657
657, 658
657, 659
656, 660
661, 660
662, 660
660, 661
660, 662
664, 663
667, 663
663, 664
665, 664
666, 664
664, 665
664, 666
663, 667
668, 667
669, 667
667, 668
667, 669
671, 670
670, 671
672, 671
671, 672
673, 672
674, 672
672, 673
672, 674
675, 674
674, 675
676, 675
675, 676
678, 677
677, 678
679, 678
678, 679
680, 679
683, 679
679, 680
681, 680
682, 680
680, 681
680, 682
679, 683
685, 684
684, 685
686, 685
685, 686
687, 686
686, 687
688, 687
691, 687
687, 688
689, 688
690, 688
688, 689
688, 690
687, 691
693, 692
692, 693
694, 693
693, 694
695, 694
694, 695
696, 695
697, 695
695, 696
695, 697
699, 698
698, 699
700, 699
699, 700
701, 700
702, 700
703, 700
700, 701
700, 702
700, 703
704, 703
706, 703
703, 704
705, 704
704, 705
703, 706
707, 706
706, 707
709, 708
708, 709
710, 709
709, 710
711, 710
712, 710
710, 711
710, 712
713, 712
712, 713
714, 713
713, 714
716, 715
715, 716
717, 716
716, 717
718, 717
721, 717
717, 718
719, 718
720, 718
718, 719
718, 720
717, 721
723, 722
722, 723
724, 723
723, 724
725, 724
726, 724
724, 725
724, 726
727, 726
726, 727
728, 727
727, 728
729, 728
728, 729
730, 729
729, 730
731, 730
730, 731
733, 732
732, 733
734, 733
733, 734
735, 734
736, 734
737, 734
734, 735
734, 736
734, 737
738, 737
740, 737
737, 738
739, 738
738, 739
737, 740
741, 740
740, 741
743, 742
742, 743
744, 743
743, 744
745, 744
748, 744
744, 745
746, 745
747, 745
745, 746
745, 747
744, 748
749, 748
750, 748
748, 749
748, 750
752, 751
751, 752
753, 752
752, 753
754, 753
757, 753
753, 754
755, 754
756, 754
754, 755
754, 756
753, 757
759, 758
758, 759
760, 759
759, 760
761, 760
762, 760
763, 760
760, 761
760, 762
760, 763
764, 763
763, 764
765, 764
764, 765
767, 766
766, 767
768, 767
767, 768
769, 768
772, 768
768, 769
770, 769
771, 769
769, 770
769, 771
768, 772
774, 773
773, 774
775, 774
774, 775
776, 775
779, 775
775, 776
777, 776
778, 776
776, 777
776, 778
775, 779
780, 779
779, 780
781, 780
780, 781
783, 782
782, 783
784, 783
783, 784
785, 784
786, 784
787, 784
784, 785
784, 786
784, 787
788, 787
787, 788
789, 788
788, 789
791, 790
790, 791
792, 791
791, 792
793, 792
794, 792
792, 793
792, 794
795, 794
794, 795
796, 795
795, 796
798, 797
797, 798
799, 798
798, 799
800, 799
803, 799
799, 800
801, 800
802, 800
800, 801
800, 802
799, 803
804, 803
805, 803
803, 804
803, 805
807, 806
806, 807
808, 807
807, 808
809, 808
810, 808
811, 808
808, 809
808, 810
808, 811
812, 811
811, 812
813, 812
812, 813
815, 814
814, 815
816, 815
815, 816
817, 816
820, 816
816, 817
818, 817
819, 817
817, 818
817, 819
816, 820
821, 820
822, 820
820, 821
820, 822
824, 823
823, 824
825, 824
824, 825
826, 825
827, 825
825, 826
825, 827
828, 827
830, 827
827, 828
829, 828
828, 829
827, 830
831, 830
830, 831
833, 832
832, 833
834, 833
833, 834
835, 834
838, 834
834, 835
836, 835
837, 835
835, 836
835, 837
834, 838
840, 839
839, 840
841, 840
840, 841
842, 841
843, 841
844, 841
841, 842
841, 843
841, 844
845, 844
844, 845
847, 846
849, 846
851, 846
853, 846
846, 847
848, 847
847, 848
846, 849
850, 849
849, 850
846, 851
852, 851
851, 852
846, 853
854, 853
853, 854
856, 855
855, 856
857, 856
856, 857
858, 857
859, 857
857, 858
857, 859
861, 860
860, 861
862, 861
861, 862
863, 862
864, 862
865, 862
862, 863
862, 864
862, 865
866, 865
868, 865
865, 866
867, 866
866, 867
865, 868
869, 868
868, 869
871, 870
870, 871
872, 871
871, 872
873, 872
874, 872
875, 872
872, 873
872, 874
872, 875
876, 875
875, 876
878, 877
877, 878
879, 878
878, 879
880, 879
883, 879
879, 880
881, 880
882, 880
880, 881
880, 882
879, 883
885, 884
884, 885
886, 885
885, 886
887, 886
888, 886
886, 887
886, 888
890, 889
889, 890
891, 890
890, 891
892, 891
895, 891
891, 892
893, 892
894, 892
892, 893
892, 894
891, 895
896, 895
895, 896
897, 896
896, 897
899, 898
898, 899
900, 899
899, 900
901, 900
902, 900
900, 901
900, 902
904, 903
903, 904
905, 904
904, 905
906, 905
907, 905
908, 905
905, 906
905, 907
905, 908
909, 908
908, 909
910, 909
911, 909
912, 909
909, 910
909, 911
909, 912
914, 913
913, 914
915, 914
914, 915
916, 915
917, 915
915, 916
915, 917
918, 917
917, 918
919, 918
918, 919
920, 919
919, 920
921, 920
920, 921
923, 922
922, 923
924, 923
923, 924
925, 924
928, 924
924, 925
926, 925
927, 925
925, 926
925, 927
924, 928
929, 928
930, 928
928, 929
928, 930
932, 931
931, 932
933, 932
932, 933
934, 933
935, 933
936, 933
933, 934
933, 935
933, 936
937, 936
939, 936
936, 937
938, 937
937, 938
936, 939
940, 939
939, 940
942, 941
941, 942
943, 942
942, 943
944, 943
945, 943
946, 943
943, 944
943, 945
943, 946
947, 946
946, 947
948, 947
947, 948
950, 949
949, 950
951, 950
950, 951
952, 951
953, 951
954, 951
951, 952
951, 953
951, 954
955, 954
954, 955
956, 955
955, 956
958, 957
957, 958
959, 958
958, 959
960, 959
963, 959
959, 960
961, 960
962, 960
960, 961
960, 962
959, 963
965, 964
964, 965
966, 965
965, 966
967, 966
968, 966
966, 967
966, 968
969, 968
968, 969
970, 969
969, 970
972, 971
971, 972
973, 972
972, 973
974, 973
977, 973
978, 973
973, 974
975, 974
976, 974
974, 975
974, 976
973, 977
973, 978
979, 978
978, 979
980, 979
979, 980
982, 981
984, 981
986, 981
981, 982
983, 982
982, 983
981, 984
985, 984
984, 985
981, 986
987, 986
986, 987
988, 987
987, 988
990, 989
989, 990
991, 990
990, 991
992, 991
993, 991
991, 992
991, 993
995, 994
994, 995
996, 995
995, 996
997, 996
996, 997
998, 997
999, 997
997, 998
997, 999
1001, 1000
1000, 1001
1002, 1001
1001, 1002
1003, 1002
1004, 1002
1002, 1003
1002, 1004
1006, 1005
1005, 1006
1007, 1006
1006, 1007
1008, 1007
1009, 1007
1010, 1007
1007, 1008
1007, 1009
1007, 1010
1011, 1010
1013, 1010
1010, 1011
1012, 1011
1011, 1012
1010, 1013
1014, 1013
1013, 1014
1016, 1015
1015, 1016
1017, 1016
1016, 1017
1018, 1017
1021, 1017
1017, 1018
1019, 1018
1020, 1018
1018, 1019
1018, 1020
1017, 1021
1022, 1021
1023, 1021
1021, 1022
1021, 1023
1025, 1024
1024, 1025
1026, 1025
1025, 1026
1027, 1026
1030, 1026
1026, 1027
1028, 1027
1029, 1027
1027, 1028
1027, 1029
1026, 1030
1032, 1031
1031, 1032
1033, 1032
1032, 1033
1034, 1033
1035, 1033
1036, 1033
1033, 1034
1033, 1035
1033, 1036
1037, 1036
1036, 1037
1038, 1037
1037, 1038
1040, 1039
1039, 1040
1041, 1040
1040, 1041
1042, 1041
1043, 1041
1041, 1042
1041, 1043
1045, 1044
1044, 1045
1046, 1045
1045, 1046
1047, 1046
1048, 1046
1046, 1047
1046, 1048
1050, 1049
1049, 1050
1051, 1050
1050, 1051
1052, 1051
1055, 1051
1051, 1052
1053, 1052
1054, 1052
1052, 1053
1052, 1054
1051, 1055
1057, 1056
1056, 1057
1058, 1057
1059, 1057
1057, 1058
1057, 1059
1060, 1059
1062, 1059
1059, 1060
1061, 1060
1060, 1061
1059, 1062
1063, 1062
1062, 1063
1064, 1063
1063, 1064
1065, 1064
1064, 1065
1067, 1066
1066, 1067
1068, 1067
1067, 1068
1069, 1068
1072, 1068
1068, 1069
1070, 1069
1071, 1069
1069, 1070
1069, 1071
1068, 1072
1074, 1073
1076, 1073
1078, 1073
1082, 1073
1073, 1074
1075, 1074
1074, 1075
1073, 1076
1077, 1076
1076, 1077
1073, 1078
1079, 1078
1078, 1079
1080, 1079
1079, 1080
1081, 1080
1080, 1081
1073, 1082
1084, 1083
1083, 1084
1085, 1084
1084, 1085
1086, 1085
1089, 1085
1085, 1086
1087, 1086
1088, 1086
1086, 1087
1086, 1088
1085, 1089
1090, 1089
1091, 1089
1089, 1090
1089, 1091
1093, 1092
1092, 1093
1094, 1093
1095, 1093
1097, 1093
1093, 1094
1093, 1095
1096, 1095
1095, 1096
1093, 1097
1098, 1097
1097, 1098
1100, 1099
1099, 1100
1101, 1100
1100, 1101
1102, 1101
1103, 1101
1104, 1101
1101, 1102
1101, 1103
1101, 1104
1105, 1104
1107, 1104
1104, 1105
1106, 1105
1105, 1106
1104, 1107
1108, 1107
1107, 1108
1110, 1109
1109, 1110
1111, 1110
1110, 1111
1112, 1111
1115, 1111
1111, 1112
1113, 1112
1114, 1112
1112, 1113
1112, 1114
1111, 1115
1116, 1115
1117, 1115
1115, 1116
1115, 1117
1119, 1118
1118, 1119
1120, 1119
1119, 1120
1121, 1120
1122, 1120
1123, 1120
1120, 1121
1120, 1122
1120, 1123
1124, 1123
1123, 1124
1125, 1124
1126, 1124
1127, 1124
1124, 1125
1124, 1126
1124, 1127
1129, 1128
1128, 1129
1130, 1129
1129, 1130
1131, 1130
1132, 1130
1130, 1131
1130, 1132
1133, 1132
1132, 1133
1134, 1133
1133, 1134
1136, 1135
1135, 1136
1137, 1136
1136, 1137
1138, 1137
1141, 1137
1137, 1138
1139, 1138
1140, 1138
1138, 1139
1138, 1140
1137, 1141
1142, 1141
1141, 1142
1143, 1142
1142, 1143
1144, 1143
1143, 1144
1146, 1145
1145, 1146
1147, 1146
1146, 1147
1148, 1147
1151, 1147
1147, 1148
1149, 1148
1150, 1148
1148, 1149
1148, 1150
1147, 1151
1153, 1152
1152, 1153
1154, 1153
1153, 1154
1155, 1154
1158, 1154
1154, 1155
1156, 1155
1157, 1155
1155, 1156
1155, 1157
1154, 1158
1159, 1158
1160, 1158
1158, 1159
1158, 1160
1162, 1161
1161, 1162
1163, 1162
1162, 1163
1164, 1163
1167, 1163
1163, 1164
1165, 1164
1166, 1164
1164, 1165
1164, 1166
1163, 1167
1169, 1168
1168, 1169
1170, 1169
1169, 1170
1171, 1170
1172, 1170
1173, 1170
1170, 1171
1170, 1172
1170, 1173
1174, 1173
1176, 1173
1173, 1174
1175, 1174
1174, 1175
1173, 1176
1177, 1176
1176, 1177
1179, 1178
1178, 1179
1180, 1179
1179, 1180
1181, 1180
1182, 1180
1183, 1180
1180, 1181
1180, 1182
1180, 1183
1184, 1183
1186, 1183
1183, 1184
1185, 1184
1184, 1185
1183, 1186
1187, 1186
1186, 1187
1189, 1188
1191, 1188
1193, 1188
1195, 1188
1197, 1188
1188, 1189
1190, 1189
1189, 1190
1188, 1191
1192, 1191
1191, 1192
1188, 1193
1194, 1193
1193, 1194
1188, 1195
1196, 1195
1195, 1196
1188, 1197
1199, 1198
1198, 1199
1200, 1199
1199, 1200
1201, 1200
1204, 1200
1200, 1201
1202, 1201
1203, 1201
1201, 1202
1201, 1203
1200, 1204
1206, 1205
1205, 1206
1207, 1206
1206, 1207
1208, 1207
1207, 1208
1209, 1208
1208, 1209
1210, 1209
1209, 1210
1211, 1210
1210, 1211
1212, 1211
1213, 1211
1214, 1211
1211, 1212
1211, 1213
1211, 1214
1216, 1215
1218, 1215
1221, 1215
1223, 1215
1215, 1216
1217, 1216
1216, 1217
1215, 1218
1219, 1218
1218, 1219
1220, 1219
1219, 1220
1215, 1221
1222, 1221
1221, 1222
1215, 1223
1224, 1223
1223, 1224
1226, 1225
1230, 1225
1225, 1226
1227, 1226
1226, 1227
1228, 1227
1229, 1227
1227, 1228
1227, 1229
1225, 1230
1231, 1230
1232, 1230
1230, 1231
1230, 1232
1234, 1233
1236, 1233
1233, 1234
1235, 1234
1234, 1235
1233, 1236
1237, 1236
1236, 1237
1238, 1237
1241, 1237
1237, 1238
1239, 1238
1240, 1238
1238, 1239
1238, 1240
1237, 1241
1243, 1242
1242, 1243
1244, 1243
1243, 1244
1245, 1244
1246, 1244
1244, 1245
1244, 1246
1247, 1246
1246, 1247
1248, 1247
1247, 1248
1250, 1249
1249, 1250
1251, 1250
1250, 1251
1252, 1251
1253, 1251
1251, 1252
1251, 1253
1255, 1254
1254, 1255
1256, 1255
1255, 1256
1257, 1256
1260, 1256
1256, 1257
1258, 1257
1259, 1257
1257, 1258
1257, 1259
1256, 1260
1261, 1260
1260, 1261
1262, 1261
1261, 1262
1263, 1262
1262, 1263
1265, 1264
1264, 1265
1266, 1265
1265, 1266
1267, 1266
1270, 1266
1266, 1267
1268, 1267
1269, 1267
1267, 1268
1267, 1269
1266, 1270
1271, 1270
1272, 1270
1270, 1271
1270, 1272
1274, 1273
1273, 1274
1275, 1274
1274, 1275
1276, 1275
1281, 1275
1275, 1276
1277, 1276
1280, 1276
1276, 1277
1278, 1277
1279, 1277
1277, 1278
1277, 1279
1276, 1280
1275, 1281
1283, 1282
1282, 1283
1284, 1283
1283, 1284
1285, 1284
1286, 1284
1284, 1285
1284, 1286
1288, 1287
1287, 1288
1289, 1288
1288, 1289
1290, 1289
1291, 1289
1289, 1290
1289, 1291
1293, 1292
1295, 1292
1292, 1293
1294, 1293
1293, 1294
1292, 1295
1296, 1295
1295, 1296
1297, 1296
1300, 1296
1296, 1297
1298, 1297
1299, 1297
1297, 1298
1297, 1299
1296, 1300
1302, 1301
1301, 1302
1303, 1302
1302, 1303
1304, 1303
1307, 1303
1303, 1304
1305, 1304
1306, 1304
1304, 1305
1304, 1306
1303, 1307
1308, 1307
1309, 1307
1307, 1308
1307, 1309
1311, 1310
1310, 1311
1312, 1311
1311, 1312
1313, 1312
1316, 1312
1312, 1313
1314, 1313
1315, 1313
1313, 1314
1313, 1315
1312, 1316
1317, 1316
1316, 1317
1318, 1317
1317, 1318
1320, 1319
1319, 1320
1321, 1320
1320, 1321
1322, 1321
1325, 1321
1321, 1322
1323, 1322
1324, 1322
1322, 1323
1322, 1324
1321, 1325
1326, 1325
1327, 1325
1325, 1326
1325, 1327
1329, 1328
1328, 1329
1330, 1329
1333, 1329
1329, 1330
1331, 1330
1332, 1330
1330, 1331
1330, 1332
1329, 1333
1334, 1333
1333, 1334
1335, 1334
1336, 1334
1334, 1335
1334, 1336
1338, 1337
1340, 1337
1337, 1338
1339, 1338
1338, 1339
1337, 1340
1341, 1340
1340, 1341
1342, 1341
1345, 1341
1341, 1342
1343, 1342
1344, 1342
1342, 1343
1342, 1344
1341, 1345
1347, 1346
1346, 1347
1348, 1347
1347, 1348
1349, 1348
1352, 1348
1348, 1349
1350, 1349
1351, 1349
1349, 1350
1349, 1351
1348, 1352
1353, 1352
1354, 1352
1352, 1353
1352, 1354
1356, 1355
1355, 1356
1357, 1356
1356, 1357
1358, 1357
1361, 1357
1357, 1358
1359, 1358
1360, 1358
1358, 1359
1358, 1360
1357, 1361
1362, 1361
1363, 1361
1361, 1362
1361, 1363
1365, 1364
1364, 1365
1366, 1365
1365, 1366
1367, 1366
1368, 1366
1366, 1367
1366, 1368
1369, 1368
1368, 1369
1370, 1369
1369, 1370
1371, 1370
1370, 1371
1372, 1371
1373, 1371
1371, 1372
1371, 1373
1375, 1374
1374, 1375
1376, 1375
1375, 1376
1377, 1376
1378, 1376
1379, 1376
1376, 1377
1376, 1378
1376, 1379
1380, 1379
1379, 1380
1381, 1380
1380, 1381
1383, 1382
1389, 1382
1382, 1383
1384, 1383
1383, 1384
1385, 1384
1388, 1384
1384, 1385
1386, 1385
1387, 1385
1385, 1386
1385, 1387
1384, 1388
1382, 1389
1391, 1390
1390, 1391
1392, 1391
1391, 1392
1393, 1392
1394, 1392
1395, 1392
1392, 1393
1392, 1394
1392, 1395
1396, 1395
1398, 1395
1395, 1396
1397, 1396
1396, 1397
1395, 1398
1399, 1398
1398, 1399
1401, 1400
1400, 1401
1402, 1401
1401, 1402
1403, 1402
1404, 1402
1402, 1403
1402, 1404
1406, 1405
1405, 1406
1407, 1406
1406, 1407
1408, 1407
1411, 1407
1407, 1408
1409, 1408
1410, 1408
1408, 1409
1408, 1410
1407, 1411
1412, 1411
1413, 1411
1411, 1412
1411, 1413
1415, 1414
1414, 1415
1416, 1415
1415, 1416
1417, 1416
1420, 1416
1416, 1417
1418, 1417
1419, 1417
1417, 1418
1417, 1419
1416, 1420
1422, 1421
1421, 1422
1423, 1422
1422, 1423
1424, 1423
1427, 1423
1423, 1424
1425, 1424
1426, 1424
1424, 1425
1424, 1426
1423, 1427
1428, 1427
1427, 1428
1429, 1428
1428, 1429
1431, 1430
1430, 1431
1432, 1431
1431, 1432
1433, 1432
1434, 1432
1435, 1432
1436, 1432
1432, 1433
1432, 1434
1432, 1435
1432, 1436
1437, 1436
1436, 1437
1439, 1438
1438, 1439
1440, 1439
1439, 1440
1441, 1440
1442, 1440
1440, 1441
1440, 1442
1444, 1443
1443, 1444
1445, 1444
1444, 1445
1446, 1445
1447, 1445
1448, 1445
1445, 1446
1445, 1447
1445, 1448
1449, 1448
1451, 1448
1448, 1449
1450, 1449
1449, 1450
1448, 1451
1452, 1451
1451, 1452
1454, 1453
1453, 1454
1455, 1454
1454, 1455
1456, 1455
1459, 1455
1455, 1456
1457, 1456
1458, 1456
1456, 1457
1456, 1458
1455, 1459
1460, 1459
1459, 1460
1461, 1460
1460, 1461
1462, 1461
1461, 1462
1464, 1463
1466, 1463
1463, 1464
1465, 1464
1464, 1465
1463, 1466
1467, 1466
1468, 1466
1466, 1467
1466, 1468
1469, 1468
1468, 1469
1470, 1469
1469, 1470
1471, 1470
1472, 1470
1470, 1471
1470, 1472
1474, 1473
1473, 1474
1475, 1474
1474, 1475
1476, 1475
1475, 1476
1477, 1476
1478, 1476
1476, 1477
1476, 1478
1480, 1479
1479, 1480
1481, 1480
1480, 1481
1482, 1481
1481, 1482
1483, 1482
1484, 1482
1482, 1483
1482, 1484
1486, 1485
1485, 1486
1487, 1486
1486, 1487
1488, 1487
1493, 1487
1487, 1488
1489, 1488
1492, 1488
1488, 1489
1490, 1489
1491, 1489
1489, 1490
1489, 1491
1488, 1492
1487, 1493
1495, 1494
1494, 1495
1496, 1495
1495, 1496
1497, 1496
1502, 1496
1496, 1497
1498, 1497
1501, 1497
1497, 1498
1499, 1498
1500, 1498
1498, 1499
1498, 1500
1497, 1501
1496, 1502
1504, 1503
1506, 1503
1503, 1504
1505, 1504
1504, 1505
1503, 1506
1507, 1506
1506, 1507
1508, 1507
1509, 1507
1510, 1507
1507, 1508
1507, 1509
1507, 1510
1511, 1510
1510, 1511
1513, 1512
1512, 1513
1514, 1513
1513, 1514
1515, 1514
1516, 1514
1517, 1514
1514, 1515
1514, 1516
1514, 1517
1518, 1517
1517, 1518
1519, 1518
1520, 1518
1521, 1518
1518, 1519
1518, 1520
1518, 1521
1523, 1522
1522, 1523
1524, 1523
1523, 1524
1525, 1524
1526, 1524
1527, 1524
1524, 1525
1524, 1526
1524, 1527
1528, 1527
1527, 1528
1529, 1528
1528, 1529
1531, 1530
1530, 1531
1532, 1531
1531, 1532
1533, 1532
1538, 1532
1532, 1533
1534, 1533
1537, 1533
1533, 1534
1535, 1534
1536, 1534
1534, 1535
1534, 1536
1533, 1537
1532, 1538
1540, 1539
1539, 1540
1541, 1540
1540, 1541
1542, 1541
1543, 1541
1544, 1541
1541, 1542
1541, 1543
1541, 1544
1545, 1544
1547, 1544
1544, 1545
1546, 1545
1545, 1546
1544, 1547
1548, 1547
1547, 1548
1550, 1549
1549, 1550
1551, 1550
1550, 1551
1552, 1551
1555, 1551
1551, 1552
1553, 1552
1554, 1552
1552, 1553
1552, 1554
1551, 1555
1556, 1555
1557, 1555
1555, 1556
1555, 1557
1559, 1558
1558, 1559
1560, 1559
1559, 1560
1561, 1560
1564, 1560
1565, 1560
1560, 1561
1562, 1561
1563, 1561
1561, 1562
1561, 1563
1560, 1564
1560, 1565
1566, 1565
1565, 1566
1567, 1566
1566, 1567
1569, 1568
1568, 1569
1570, 1569
1569, 1570
1571, 1570
1572, 1570
1570, 1571
1570, 1572
1574, 1573
1573, 1574
1575, 1574
1580, 1574
1574, 1575
1576, 1575
1575, 1576
1577, 1576
1576, 1577
1578, 1577
1579, 1577
1577, 1578
1577, 1579
1574, 1580
1581, 1580
1580, 1581
1583, 1582
1582, 1583
1584, 1583
1583, 1584
1585, 1584
1588, 1584
1589, 1584
1584, 1585
1586, 1585
1587, 1585
1585, 1586
1585, 1587
1584, 1588
1584, 1589
1591, 1590
1590, 1591
1592, 1591
1591, 1592
1593, 1592
1594, 1592
1595, 1592
1592, 1593
1592, 1594
1592, 1595
1596, 1595
1595, 1596
1597, 1596
1596, 1597
1599, 1598
1598, 1599
1600, 1599
1599, 1600
1601, 1600
1604, 1600
1600, 1601
1602, 1601
1603, 1601
1601, 1602
1601, 1603
1600, 1604
1605, 1604
1604, 1605
1606, 1605
1605, 1606
1608, 1607
1607, 1608
1609, 1608
1608, 1609
1610, 1609
1611, 1609
1609, 1610
1609, 1611
1612, 1611
1614, 1611
1611, 1612
1613, 1612
1612, 1613
1611, 1614
1615, 1614
1614, 1615
1617, 1616
1616, 1617
1618, 1617
1617, 1618
1619, 1618
1620, 1618
1618, 1619
1618, 1620
1621, 1620
1620, 1621
1622, 1621
1621, 1622
1624, 1623
1623, 1624
1625, 1624
1624, 1625
1626, 1625
1627, 1625
1628, 1625
1625, 1626
1625, 1627
1625, 1628
1629, 1628
1631, 1628
1628, 1629
1630, 1629
1629, 1630
1628, 1631
1632, 1631
1631, 1632
1634, 1633
1636, 1633
1633, 1634
1635, 1634
1634, 1635
1633, 1636
1637, 1636
1636, 1637
1639, 1638
1638, 1639
1640, 1639
1639, 1640
1641, 1640
1642, 1640
1640, 1641
1640, 1642
1643, 1642
1642, 1643
1644, 1643
1643, 1644
1646, 1645
1645, 1646
1647, 1646
1646, 1647
1648, 1647
1649, 1647
1647, 1648
1647, 1649
1651, 1650
1650, 1651
1652, 1651
1651, 1652
1653, 1652
1654, 1652
1655, 1652
1652, 1653
1652, 1654
1652, 1655
1656, 1655
1658, 1655
1655, 1656
1657, 1656
1656, 1657
1655, 1658
1659, 1658
1658, 1659
1661, 1660
1660, 1661
1662, 1661
1661, 1662
1663, 1662
1662, 1663
1664, 1663
1665, 1663
1663, 1664
1663, 1665
1667, 1666
1666, 1667
1668, 1667
1667, 1668
1669, 1668
1672, 1668
1668, 1669
1670, 1669
1671, 1669
1669, 1670
1669, 1671
1668, 1672
1674, 1673
1673, 1674
1675, 1674
1674, 1675
1676, 1675
1677, 1675
1679, 1675
1675, 1676
1675, 1677
1678, 1677
1677, 1678
1675, 1679
1680, 1679
1681, 1679
1679, 1680
1679, 1681
1683, 1682
1682, 1683
1684, 1683
1683, 1684
1685, 1684
1686, 1684
1684, 1685
1684, 1686
1687, 1686
1686, 1687
1688, 1687
1687, 1688
1690, 1689
1689, 1690
1691, 1690
1690, 1691
1692, 1691
1693, 1691
1694, 1691
1695, 1691
1691, 1692
1691, 1693
1691, 1694
1691, 1695
1696, 1695
1695, 1696
1697, 1696
1696, 1697
1699, 1698
1698, 1699
1700, 1699
1699, 1700
1701, 1700
1702, 1700
1703, 1700
1700, 1701
1700, 1702
1700, 1703
1704, 1703
1703, 1704
1705, 1704
1704, 1705
1707, 1706
1706, 1707
1708, 1707
1707, 1708
1709, 1708
1710, 1708
1708, 1709
1708, 1710
1711, 1710
1713, 1710
1710, 1711
1712, 1711
1711, 1712
1710, 1713
1714, 1713
1713, 1714
1716, 1715
1715, 1716
1717, 1716
1716, 1717
1718, 1717
1719, 1717
1720, 1717
1717, 1718
1717, 1719
1717, 1720
1721, 1720
1723, 1720
1720, 1721
1722, 1721
1721, 1722
1720, 1723
1724, 1723
1723, 1724
1726, 1725
1725, 1726
1727, 1726
1726, 1727
1728, 1727
1729, 1727
1727, 1728
1727, 1729
1730, 1729
1729, 1730
1731, 1730
1730, 1731
1733, 1732
1732, 1733
1734, 1733
1733, 1734
1735, 1734
1738, 1734
1739, 1734
1734, 1735
1736, 1735
1737, 1735
1735, 1736
1735, 1737
1734, 1738
1734, 1739
1741, 1740
1743, 1740
1740, 1741
1742, 1741
1741, 1742
1740, 1743
1744, 1743
1743, 1744
1745, 1744
1744, 1745
1747, 1746
1746, 1747
1748, 1747
1747, 1748
1749, 1748
1750, 1748
1748, 1749
1748, 1750
1751, 1750
1750, 1751
1752, 1751
1751, 1752
1754, 1753
1760, 1753
1762, 1753
1753, 1754
1755, 1754
1754, 1755
1756, 1755
1759, 1755
1755, 1756
1757, 1756
1758, 1756
1756, 1757
1756, 1758
1755, 1759
1753, 1760
1761, 1760
1760, 1761
1753, 1762
1764, 1763
1763, 1764
1765, 1764
1764, 1765
1766, 1765
1767, 1765
1768, 1765
1765, 1766
1765, 1767
1765, 1768
1769, 1768
1768, 1769
1770, 1769
1769, 1770
1772, 1771
1771, 1772
1773, 1772
1772, 1773
1774, 1773
1775, 1773
1773, 1774
1773, 1775
1776, 1775
1778, 1775
1775, 1776
1777, 1776
1776, 1777
1775, 1778
1779, 1778
1778, 1779
1781, 1780
1780, 1781
1782, 1781
1781, 1782
1783, 1782
1786, 1782
1782, 1783
1784, 1783
1785, 1783
1783, 1784
1783, 1785
1782, 1786
1787, 1786
1786, 1787
1788, 1787
1787, 1788
1789, 1788
1788, 1789
1791, 1790
1794, 1790
1790, 1791
1792, 1791
1791, 1792
1793, 1792
1792, 1793
1790, 1794
1795, 1794
1794, 1795
1796, 1795
1799, 1795
1795, 1796
1797, 1796
1798, 1796
1796, 1797
1796, 1798
1795, 1799
1801, 1800
1800, 1801
1802, 1801
1801, 1802
1803, 1802
1804, 1802
1802, 1803
1802, 1804
1806, 1805
1805, 1806
1807, 1806
1806, 1807
1808, 1807
1809, 1807
1810, 1807
1807, 1808
1807, 1809
1807, 1810
1811, 1810
1813, 1810
1810, 1811
1812, 1811
1811, 1812
1810, 1813
1814, 1813
1813, 1814
1816, 1815
1815, 1816
1817, 1816
1816, 1817
1818, 1817
1819, 1817
1820, 1817
1817, 1818
1817, 1819
1817, 1820
1821, 1820
1820, 1821
1822, 1821
1821, 1822
1824, 1823
1823, 1824
1825, 1824
1824, 1825
1826, 1825
1827, 1825
1828, 1825
1825, 1826
1825, 1827
1825, 1828
1829, 1828
1831, 1828
1828, 1829
1830, 1829
1829, 1830
1828, 1831
1832, 1831
1831, 1832
1834, 1833
1833, 1834
1835, 1834
1834, 1835
1836, 1835
1837, 1835
1838, 1835
1835, 1836
1835, 1837
1835, 1838
1839, 1838
1838, 1839
1840, 1839
1839, 1840
1842, 1841
1841, 1842
1843, 1842
1842, 1843
1844, 1843
1845, 1843
1846, 1843
1843, 1844
1843, 1845
1843, 1846
1847, 1846
1849, 1846
1846, 1847
1848, 1847
1847, 1848
1846, 1849
1850, 1849
1849, 1850
1852, 1851
1851, 1852
1853, 1852
1852, 1853
1854, 1853
1857, 1853
1853, 1854
1855, 1854
1856, 1854
1854, 1855
1854, 1856
1853, 1857
1859, 1858
1858, 1859
1860, 1859
1859, 1860
1861, 1860
1864, 1860
1860, 1861
1862, 1861
1863, 1861
1861, 1862
1861, 1863
1860, 1864
1866, 1865
1870, 1865
1865, 1866
1867, 1866
1866, 1867
1868, 1867
1869, 1867
1867, 1868
1867, 1869
1865, 1870
1871, 1870
1870, 1871
1872, 1871
1873, 1871
1871, 1872
1871, 1873
1875, 1874
1874, 1875
1876, 1875
1875, 1876
1877, 1876
1878, 1876
1876, 1877
1876, 1878
1879, 1878
1881, 1878
1878, 1879
1880, 1879
1879, 1880
1878, 1881
1882, 1881
1881, 1882
1884, 1883
1883, 1884
1885, 1884
1884, 1885
1886, 1885
1887, 1885
1888, 1885
1885, 1886
1885, 1887
1885, 1888
1889, 1888
1891, 1888
1888, 1889
1890, 1889
1889, 1890
1888, 1891
1892, 1891
1891, 1892
1894, 1893
1898, 1893
1893, 1894
1895, 1894
1894, 1895
1896, 1895
1897, 1895
1895, 1896
1895, 1897
1893, 1898
1899, 1898
1898, 1899
1900, 1899
1901, 1899
1899, 1900
1899, 1901
1903, 1902
1902, 1903
1904, 1903
1903, 1904
1905, 1904
1906, 1904
1904, 1905
1904, 1906
1908, 1907
1907, 1908
1909, 1908
1908, 1909
1910, 1909
1911, 1909
1909, 1910
1909, 1911
1912, 1911
1914, 1911
1911, 1912
1913, 1912
1912, 1913
1911, 1914
1915, 1914
1914, 1915
1917, 1916
1916, 1917
1918, 1917
1917, 1918
1919, 1918
1922, 1918
1918, 1919
1920, 1919
1921, 1919
1919, 1920
1919, 1921
1918, 1922
1923, 1922
1922, 1923
1924, 1923
1925, 1923
1923, 1924
1923, 1925
1927, 1926
1926, 1927
1928, 1927
1927, 1928
1929, 1928
1932, 1928
1928, 1929
1930, 1929
1931, 1929
1929, 1930
1929, 1931
1928, 1932
1933, 1932
1934, 1932
1932, 1933
1932, 1934
1936, 1935
1935, 1936
1937, 1936
1936, 1937
1938, 1937
1939, 1937
1937, 1938
1937, 1939
1940, 1939
1942, 1939
1939, 1940
1941, 1940
1940, 1941
1939, 1942
1943, 1942
1942, 1943
1945, 1944
1944, 1945
1946, 1945
1947, 1945
1945, 1946
1945, 1947
1948, 1947
1950, 1947
1952, 1947
1947, 1948
1949, 1948
1948, 1949
1947, 1950
1951, 1950
1950, 1951
1947, 1952
1953, 1952
1952, 1953
1955, 1954
1954, 1955
1956, 1955
1955, 1956
1957, 1956
1958, 1956
1959, 1956
1960, 1956
1956, 1957
1956, 1958
1956, 1959
1956, 1960
1962, 1961
1961, 1962
1963, 1962
1962, 1963
1964, 1963
1963, 1964
1965, 1964
1966, 1964
1964, 1965
1964, 1966
1968, 1967
1967, 1968
1969, 1968
1968, 1969
1970, 1969
1971, 1969
1972, 1969
1969, 1970
1969, 1971
1969, 1972
1973, 1972
1975, 1972
1972, 1973
1974, 1973
1973, 1974
1972, 1975
1976, 1975
1975, 1976
1978, 1977
1977, 1978
1979, 1978
1978, 1979
1980, 1979
1981, 1979
1979, 1980
1979, 1981
1982, 1981
1981, 1982
1983, 1982
1982, 1983
1985, 1984
1984, 1985
1986, 1985
1985, 1986
1987, 1986
1988, 1986
1989, 1986
1986, 1987
1986, 1988
1986, 1989
1990, 1989
1989, 1990
1992, 1991
1991, 1992
1993, 1992
1992, 1993
1994, 1993
1997, 1993
1993, 1994
1995, 1994
1996, 1994
1994, 1995
1994, 1996
1993, 1997
1999, 1998
1998, 1999
2000, 1999
1999, 2000
2001, 2000
2002, 2000
2000, 2001
2000, 2002
2003, 2002
2005, 2002
2002, 2003
2004, 2003
2003, 2004
2002, 2005
2006, 2005
2005, 2006
2008, 2007
2007, 2008
2009, 2008
2008, 2009
2010, 2009
2011, 2009
2012, 2009
2009, 2010
2009, 2011
2009, 2012
2013, 2012
2015, 2012
2012, 2013
2014, 2013
2013, 2014
2012, 2015
2016, 2015
2015, 2016
2018, 2017
2017, 2018
2019, 2018
2018, 2019
2020, 2019
2025, 2019
2019, 2020
2021, 2020
2024, 2020
2020, 2021
2022, 2021
2023, 2021
2021, 2022
2021, 2023
2020, 2024
2019, 2025
2027, 2026
2026, 2027
2028, 2027
2033, 2027
2027, 2028
2029, 2028
2028, 2029
2030, 2029
2029, 2030
2031, 2030
2032, 2030
2030, 2031
2030, 2032
2027, 2033
2034, 2033
2033, 2034
2036, 2035
2038, 2035
2035, 2036
2037, 2036
2036, 2037
2035, 2038
2039, 2038
2038, 2039
2040, 2039
2043, 2039
2039, 2040
2041, 2040
2042, 2040
2040, 2041
2040, 2042
2039, 2043
2045, 2044
2044, 2045
2046, 2045
2045, 2046
2047, 2046
2048, 2046
2049, 2046
2046, 2047
2046, 2048
2046, 2049
2050, 2049
2049, 2050
2051, 2050
2050, 2051
2053, 2052
2052, 2053
2054, 2053
2053, 2054
2055, 2054
2056, 2054
2057, 2054
2054, 2055
2054, 2056
2054, 2057
2058, 2057
2060, 2057
2057, 2058
2059, 2058
2058, 2059
2057, 2060
2061, 2060
2060, 2061
2063, 2062
2062, 2063
2064, 2063
2063, 2064
2065, 2064
2068, 2064
2064, 2065
2066, 2065
2067, 2065
2065, 2066
2065, 2067
2064, 2068
2069, 2068
2070, 2068
2068, 2069
2068, 2070
2072, 2071
2071, 2072
2073, 2072
2072, 2073
2074, 2073
2075, 2073
2076, 2073
2073, 2074
2073, 2075
2073, 2076
2077, 2076
2076, 2077
2078, 2077
2077, 2078
2080, 2079
2084, 2079
2079, 2080
2081, 2080
2080, 2081
2082, 2081
2083, 2081
2081, 2082
2081, 2083
2079, 2084
2085, 2084
2084, 2085
2086, 2085
2087, 2085
2088, 2085
2085, 2086
2085, 2087
2085, 2088
2090, 2089
2089, 2090
2091, 2090
2090, 2091
2092, 2091
2095, 2091
2091, 2092
2093, 2092
2094, 2092
2092, 2093
2092, 2094
2091, 2095
2096, 2095
2095, 2096
2097, 2096
2096, 2097
2099, 2098
2102, 2098
2098, 2099
2100, 2099
2101, 2099
2099, 2100
2099, 2101
2098, 2102
2103, 2102
2102, 2103
2104, 2103
2103, 2104
2106, 2105
2105, 2106
2107, 2106
2106, 2107
2108, 2107
2109, 2107
2110, 2107
2107, 2108
2107, 2109
2107, 2110
2111, 2110
2113, 2110
2110, 2111
2112, 2111
2111, 2112
2110, 2113
2114, 2113
2113, 2114
2116, 2115
2115, 2116
2117, 2116
2116, 2117
2118, 2117
2119, 2117
2120, 2117
2117, 2118
2117, 2119
2117, 2120
2121, 2120
2120, 2121
2122, 2121
2121, 2122
2124, 2123
2123, 2124
2125, 2124
2124, 2125
2126, 2125
2129, 2125
2130, 2125
2125, 2126
2127, 2126
2128, 2126
2126, 2127
2126, 2128
2125, 2129
2125, 2130
2131, 2130
2130, 2131
2132, 2131
2131, 2132
2134, 2133
2133, 2134
2135, 2134
2134, 2135
2136, 2135
2137, 2135
2139, 2135
2135, 2136
2135, 2137
2138, 2137
2137, 2138
2135, 2139
2140, 2139
2139, 2140
2142, 2141
2141, 2142
2143, 2142
2142, 2143
2144, 2143
2145, 2143
2143, 2144
2143, 2145
2146, 2145
2148, 2145
2145, 2146
2147, 2146
2146, 2147
2145, 2148
2149, 2148
2148, 2149
2151, 2150
2150, 2151
2152, 2151
2151, 2152
2153, 2152
2152, 2153
2154, 2153
2155, 2153
2153, 2154
2153, 2155
2157, 2156
2156, 2157
2158, 2157
2157, 2158
2159, 2158
2158, 2159
2160, 2159
2161, 2159
2159, 2160
2159, 2161
2163, 2162
2162, 2163
2164, 2163
2163, 2164
2165, 2164
2168, 2164
2164, 2165
2166, 2165
2167, 2165
2165, 2166
2165, 2167
2164, 2168
2169, 2168
2168, 2169
2171, 2170
2170, 2171
2172, 2171
2171, 2172
2173, 2172
2176, 2172
2177, 2172
2172, 2173
2174, 2173
2175, 2173
2173, 2174
2173, 2175
2172, 2176
2172, 2177
2178, 2177
2179, 2177
2177, 2178
2177, 2179
2181, 2180
2180, 2181
2182, 2181
2181, 2182
2183, 2182
2186, 2182
2182, 2183
2184, 2183
2185, 2183
2183, 2184
2183, 2185
2182, 2186
2187, 2186
2188, 2186
2186, 2187
2186, 2188
2190, 2189
2189, 2190
2191, 2190
2190, 2191
2192, 2191
2193, 2191
2191, 2192
2191, 2193
2194, 2193
2193, 2194
2196, 2195
2195, 2196
2197, 2196
2196, 2197
2198, 2197
2201, 2197
2197, 2198
2199, 2198
2200, 2198
2198, 2199
2198, 2200
2197, 2201
2202, 2201
2203, 2201
2201, 2202
2201, 2203
2205, 2204
2204, 2205
2206, 2205
2205, 2206
2207, 2206
2208, 2206
2206, 2207
2206, 2208
2210, 2209
2209, 2210
2211, 2210
2210, 2211
2212, 2211
2216, 2211
2211, 2212
2213, 2212
2215, 2212
2212, 2213
2214, 2213
2213, 2214
2212, 2215
2211, 2216
2218, 2217
2217, 2218
2219, 2218
2218, 2219
2220, 2219
2221, 2219
2219, 2220
2219, 2221
2222, 2221
2221, 2222
2223, 2222
2222, 2223
2225, 2224
2224, 2225
2226, 2225
2227, 2225
2232, 2225
2225, 2226
2225, 2227
2228, 2227
2227, 2228
2229, 2228
2230, 2228
2228, 2229
2228, 2230
2231, 2230
2230, 2231
2225, 2232
2233, 2232
2232, 2233
2235, 2234
2234, 2235
2236, 2235
2235, 2236
2237, 2236
2240, 2236
2236, 2237
2238, 2237
2239, 2237
2237, 2238
2237, 2239
2236, 2240
2242, 2241
2246, 2241
2241, 2242
2243, 2242
2242, 2243
2244, 2243
2245, 2243
2243, 2244
2243, 2245
2241, 2246
2247, 2246
2248, 2246
2249, 2246
2250, 2246
2246, 2247
2246, 2248
2246, 2249
2246, 2250
2252, 2251
2251, 2252
2253, 2252
2252, 2253
2254, 2253
2257, 2253
2258, 2253
2253, 2254
2255, 2254
2256, 2254
2254, 2255
2254, 2256
2253, 2257
2253, 2258
2259, 2258
2258, 2259
2260, 2259
2259, 2260
2262, 2261
2261, 2262
2263, 2262
2262, 2263
2264, 2263
2265, 2263
2263, 2264
2263, 2265
2267, 2266
2266, 2267
2268, 2267
2267, 2268
2269, 2268
2272, 2268
2268, 2269
2270, 2269
2271, 2269
2269, 2270
2269, 2271
2268, 2272
2274, 2273
2273, 2274
2275, 2274
2274, 2275
2276, 2275
2277, 2275
2278, 2275
2279, 2275
2275, 2276
2275, 2277
2275, 2278
2275, 2279
2281, 2280
2280, 2281
2282, 2281
2281, 2282
2283, 2282
2288, 2282
2282, 2283
2284, 2283
2287, 2283
2283, 2284
2285, 2284
2286, 2284
2284, 2285
2284, 2286
2283, 2287
2282, 2288
2290, 2289
2289, 2290
2291, 2290
2290, 2291
2292, 2291
2293, 2291
2291, 2292
2291, 2293
2294, 2293
2296, 2293
2293, 2294
2295, 2294
2294, 2295
2293, 2296
2297, 2296
2296, 2297
2299, 2298
2298, 2299
2300, 2299
2301, 2299
2299, 2300
2299, 2301
2302, 2301
2301, 2302
2303, 2302
2302, 2303
2304, 2303
2307, 2303
2303, 2304
2305, 2304
2306, 2304
2304, 2305
2304, 2306
2303, 2307
2309, 2308
2311, 2308
2308, 2309
2310, 2309
2309, 2310
2308, 2311
2312, 2311
2311, 2312
2313, 2312
2312, 2313
2315, 2314
2314, 2315
2316, 2315
2315, 2316
2317, 2316
2321, 2316
2316, 2317
2318, 2317
2320, 2317
2317, 2318
2319, 2318
2318, 2319
2317, 2320
2316, 2321
2323, 2322
2322, 2323
2324, 2323
2323, 2324
2325, 2324
2326, 2324
2324, 2325
2324, 2326
2327, 2326
2326, 2327
2328, 2327
2327, 2328
2330, 2329
2329, 2330
2331, 2330
2330, 2331
2332, 2331
2335, 2331
2331, 2332
2333, 2332
2334, 2332
2332, 2333
2332, 2334
2331, 2335
2336, 2335
2337, 2335
2335, 2336
2335, 2337
2339, 2338
2338, 2339
2340, 2339
2339, 2340
2341, 2340
2342, 2340
2343, 2340
2340, 2341
2340, 2342
2340, 2343
2344, 2343
2343, 2344
2345, 2344
2344, 2345
2347, 2346
2346, 2347
2348, 2347
2347, 2348
2349, 2348
2350, 2348
2348, 2349
2348, 2350
2351, 2350
2350, 2351
2352, 2351
2351, 2352
2354, 2353
2353, 2354
2355, 2354
2354, 2355
2356, 2355
2357, 2355
2358, 2355
2355, 2356
2355, 2357
2355, 2358
2359, 2358
2358, 2359
2360, 2359
2361, 2359
2362, 2359
2359, 2360
2359, 2361
2359, 2362
2364, 2363
2363, 2364
2365, 2364
2364, 2365
2366, 2365
2367, 2365
2365, 2366
2365, 2367
2368, 2367
2367, 2368
2369, 2368
2368, 2369
2371, 2370
2370, 2371
2372, 2371
2371, 2372
2373, 2372
2374, 2372
2372, 2373
2372, 2374
2375, 2374
2374, 2375
2376, 2375
2375, 2376
2378, 2377
2377, 2378
2379, 2378
2378, 2379
2380, 2379
2381, 2379
2379, 2380
2379, 2381
2382, 2381
2381, 2382
2383, 2382
2385, 2382
2382, 2383
2384, 2383
2383, 2384
2382, 2385
2386, 2385
2385, 2386
2388, 2387
2390, 2387
2387, 2388
2389, 2388
2388, 2389
2387, 2390
2391, 2390
2390, 2391
2392, 2391
2391, 2392
2393, 2392
2394, 2392
2392, 2393
2392, 2394
2395, 2394
2396, 2394
2394, 2395
2394, 2396
2398, 2397
2397, 2398
2399, 2398
2398, 2399
2400, 2399
2403, 2399
2399, 2400
2401, 2400
2402, 2400
2400, 2401
2400, 2402
2399, 2403
2405, 2404
2404, 2405
2406, 2405
2405, 2406
2407, 2406
2408, 2406
2406, 2407
2406, 2408
2409, 2408
2411, 2408
2408, 2409
2410, 2409
2409, 2410
2408, 2411
2412, 2411
2411, 2412
2414, 2413
2413, 2414
2415, 2414
2414, 2415
2416, 2415
2421, 2415
2415, 2416
2417, 2416
2420, 2416
2416, 2417
2418, 2417
2419, 2417
2417, 2418
2417, 2419
2416, 2420
2415, 2421
2423, 2422
2422, 2423
2424, 2423
2423, 2424
2425, 2424
2424, 2425
2426, 2425
2427, 2425
2425, 2426
2425, 2427
2429, 2428
2428, 2429
2430, 2429
2429, 2430
2431, 2430
2432, 2430
2430, 2431
2430, 2432
2433, 2432
2435, 2432
2432, 2433
2434, 2433
2433, 2434
2432, 2435
2436, 2435
2435, 2436
2438, 2437
2437, 2438
2439, 2438
2438, 2439
2440, 2439
2441, 2439
2439, 2440
2439, 2441
2442, 2441
2441, 2442
2443, 2442
2442, 2443
2445, 2444
2444, 2445
2446, 2445
2445, 2446
2447, 2446
2448, 2446
2446, 2447
2446, 2448
2449, 2448
2448, 2449
2450, 2449
2449, 2450
2452, 2451
2451, 2452
2453, 2452
2452, 2453
2454, 2453
2455, 2453
2453, 2454
2453, 2455
2456, 2455
2455, 2456
2457, 2456
2459, 2456
2456, 2457
2458, 2457
2457, 2458
2456, 2459
2460, 2459
2459, 2460
2462, 2461
2461, 2462
2463, 2462
2462, 2463
2464, 2463
2467, 2463
2463, 2464
2465, 2464
2466, 2464
2464, 2465
2464, 2466
2463, 2467
2468, 2467
2469, 2467
2467, 2468
2467, 2469
2471, 2470
2478, 2470
2470, 2471
2472, 2471
2471, 2472
2473, 2472
2472, 2473
2474, 2473
2476, 2473
2473, 2474
2475, 2474
2474, 2475
2473, 2476
2477, 2476
2476, 2477
2470, 2478
2479, 2478
2478, 2479
2481, 2480
2480, 2481
2482, 2481
2481, 2482
2483, 2482
2486, 2482
2482, 2483
2484, 2483
2485, 2483
2483, 2484
2483, 2485
2482, 2486
2487, 2486
2488, 2486
2489, 2486
2486, 2487
2486, 2488
2486, 2489
2491, 2490
2490, 2491
2492, 2491
2491, 2492
2493, 2492
2494, 2492
2492, 2493
2492, 2494
2495, 2494
2494, 2495
2496, 2495
2495, 2496
2498, 2497
2497, 2498
2499, 2498
2498, 2499
2500, 2499
2503, 2499
2499, 2500
2501, 2500
2502, 2500
2500, 2501
2500, 2502
2499, 2503
2505, 2504
2504, 2505
2506, 2505
2505, 2506
2507, 2506
2508, 2506
2506, 2507
2506, 2508
2509, 2508
2508, 2509
2510, 2509
2509, 2510
2512, 2511
2511, 2512
2513, 2512
2512, 2513
2514, 2513
2517, 2513
2513, 2514
2515, 2514
2516, 2514
2514, 2515
2514, 2516
2513, 2517
2518, 2517
2519, 2517
2517, 2518
2517, 2519
2521, 2520
2520, 2521
2522, 2521
2521, 2522
2523, 2522
2526, 2522
2527, 2522
2522, 2523
2524, 2523
2525, 2523
2523, 2524
2523, 2525
2522, 2526
2522, 2527
2529, 2528
2528, 2529
2530, 2529
2529, 2530
2531, 2530
2534, 2530
2535, 2530
2530, 2531
2532, 2531
2533, 2531
2531, 2532
2531, 2533
2530, 2534
2530, 2535
2536, 2535
2535, 2536
2537, 2536
2536, 2537
2539, 2538
2543, 2538
2538, 2539
2540, 2539
2539, 2540
2541, 2540
2542, 2540
2540, 2541
2540, 2542
2538, 2543
2544, 2543
2543, 2544
2545, 2544
2546, 2544
2544, 2545
2544, 2546
2548, 2547
2552, 2547
2547, 2548
2549, 2548
2548, 2549
2550, 2549
2551, 2549
2549, 2550
2549, 2551
2547, 2552
2553, 2552
2552, 2553
2554, 2553
2555, 2553
2553, 2554
2553, 2555
2557, 2556
2556, 2557
2558, 2557
2557, 2558
2559, 2558
2562, 2558
2558, 2559
2560, 2559
2561, 2559
2559, 2560
2559, 2561
2558, 2562
2563, 2562
2562, 2563
2564, 2563
2563, 2564
2566, 2565
2568, 2565
2565, 2566
2567, 2566
2566, 2567
2565, 2568
2569, 2568
2568, 2569
2570, 2569
2571, 2569
2569, 2570
2569, 2571
2573, 2572
2572, 2573
2574, 2573
2573, 2574
2575, 2574
2578, 2574
2574, 2575
2576, 2575
2577, 2575
2575, 2576
2575, 2577
2574, 2578
2579, 2578
2580, 2578
2578, 2579
2578, 2580
2582, 2581
2587, 2581
2581, 2582
2583, 2582
2584, 2582
2582, 2583
2582, 2584
2585, 2584
2584, 2585
2586, 2585
2585, 2586
2581, 2587
2588, 2587
2587, 2588
2589, 2588
2590, 2588
2588, 2589
2588, 2590
2592, 2591
2591, 2592
2593, 2592
2592, 2593
2594, 2593
2595, 2593
2593, 2594
2593, 2595
2596, 2595
2595, 2596
2597, 2596
2596, 2597
2599, 2598
2598, 2599
2600, 2599
2599, 2600
2601, 2600
2604, 2600
2605, 2600
2600, 2601
2602, 2601
2603, 2601
2601, 2602
2601, 2603
2600, 2604
2600, 2605
2606, 2605
2605, 2606
2607, 2606
2606, 2607
2609, 2608
2608, 2609
2610, 2609
2609, 2610
2611, 2610
2612, 2610
2610, 2611
2610, 2612
2613, 2612
2612, 2613
2614, 2613
2613, 2614
2616, 2615
2615, 2616
2617, 2616
2616, 2617
2618, 2617
2621, 2617
2617, 2618
2619, 2618
2620, 2618
2618, 2619
2618, 2620
2617, 2621
2623, 2622
2622, 2623
2624, 2623
2623, 2624
2625, 2624
2626, 2624
2624, 2625
2624, 2626
2627, 2626
2626, 2627
2628, 2627
2627, 2628
2630, 2629
2629, 2630
2631, 2630
2630, 2631
2632, 2631
2635, 2631
2631, 2632
2633, 2632
2634, 2632
2632, 2633
2632, 2634
2631, 2635
2637, 2636
2636, 2637
2638, 2637
2637, 2638
2639, 2638
2642, 2638
2638, 2639
2640, 2639
2641, 2639
2639, 2640
2639, 2641
2638, 2642
2644, 2643
2643, 2644
2645, 2644
2644, 2645
2646, 2645
2647, 2645
2645, 2646
2645, 2647
2648, 2647
2647, 2648
2650, 2649
2649, 2650
2651, 2650
2650, 2651
2652, 2651
2655, 2651
2656, 2651
2651, 2652
2653, 2652
2654, 2652
2652, 2653
2652, 2654
2651, 2655
2651, 2656
2657, 2656
2658, 2656
2656, 2657
2656, 2658
2660, 2659
2659, 2660
2661, 2660
2660, 2661
2662, 2661
2663, 2661
2661, 2662
2661, 2663
2665, 2664
2664, 2665
2666, 2665
2665, 2666
2667, 2666
2668, 2666
2669, 2666
2666, 2667
2666, 2668
2666, 2669
2670, 2669
2669, 2670
2671, 2670
2670, 2671
2673, 2672
2677, 2672
2672, 2673
2674, 2673
2673, 2674
2675, 2674
2676, 2674
2674, 2675
2674, 2676
2672, 2677
2678, 2677
2677, 2678
2679, 2678
2680, 2678
2678, 2679
2678, 2680
2682, 2681
2681, 2682
2683, 2682
2682, 2683
2684, 2683
2685, 2683
2683, 2684
2683, 2685
2687, 2686
2686, 2687
2688, 2687
2687, 2688
2689, 2688
2690, 2688
2691, 2688
2688, 2689
2688, 2690
2688, 2691
2692, 2691
2694, 2691
2691, 2692
2693, 2692
2692, 2693
2691, 2694
2695, 2694
2694, 2695
2697, 2696
2696, 2697
2698, 2697
2697, 2698
2699, 2698
2704, 2698
2698, 2699
2700, 2699
2703, 2699
2699, 2700
2701, 2700
2702, 2700
2700, 2701
2700, 2702
2699, 2703
2698, 2704
2706, 2705
2705, 2706
2707, 2706
2706, 2707
2708, 2707
2709, 2707
2710, 2707
2707, 2708
2707, 2709
2707, 2710
2711, 2710
2713, 2710
2710, 2711
2712, 2711
2711, 2712
2710, 2713
2714, 2713
2713, 2714
2716, 2715
2715, 2716
2717, 2716
2716, 2717
2718, 2717
2717, 2718
2719, 2718
2720, 2718
2718, 2719
2718, 2720
2722, 2721
2721, 2722
2723, 2722
2722, 2723
2724, 2723
2723, 2724
2725, 2724
2728, 2724
2724, 2725
2726, 2725
2727, 2725
2725, 2726
2725, 2727
2724, 2728
2729, 2728
2728, 2729
2730, 2729
2729, 2730
2732, 2731
2731, 2732
2733, 2732
2732, 2733
2734, 2733
2735, 2733
2733, 2734
2733, 2735
2736, 2735
2738, 2735
2735, 2736
2737, 2736
2736, 2737
2735, 2738
2739, 2738
2738, 2739
2741, 2740
2740, 2741
2742, 2741
2741, 2742
2743, 2742
2744, 2742
2742, 2743
2742, 2744
2746, 2745
2745, 2746
2747, 2746
2746, 2747
2748, 2747
2749, 2747
2750, 2747
2747, 2748
2747, 2749
2747, 2750
2751, 2750
2750, 2751
2752, 2751
2751, 2752
2754, 2753
2756, 2753
2758, 2753
2760, 2753
2753, 2754
2755, 2754
2754, 2755
2753, 2756
2757, 2756
2756, 2757
2753, 2758
2759, 2758
2758, 2759
2753, 2760
2761, 2760
2760, 2761
2763, 2762
2765, 2762
2767, 2762
2762, 2763
2764, 2763
2763, 2764
2762, 2765
2766, 2765
2765, 2766
2762, 2767
2768, 2767
2770, 2767
2771, 2767
2767, 2768
2769, 2768
2768, 2769
2767, 2770
2767, 2771
2773, 2772
2772, 2773
2774, 2773
2773, 2774
2775, 2774
2776, 2774
2777, 2774
2774, 2775
2774, 2776
2774, 2777
2778, 2777
2777, 2778
2779, 2778
2778, 2779
2781, 2780
2780, 2781
2782, 2781
2783, 2781
2781, 2782
2781, 2783
2784, 2783
2786, 2783
2789, 2783
2783, 2784
2785, 2784
2784, 2785
2783, 2786
2787, 2786
2786, 2787
2788, 2787
2787, 2788
2783, 2789
2791, 2790
2790, 2791
2792, 2791
2791, 2792
2793, 2792
2796, 2792
2792, 2793
2794, 2793
2795, 2793
2793, 2794
2793, 2795
2792, 2796
2797, 2796
2798, 2796
2796, 2797
2796, 2798
2800, 2799
2799, 2800
2801, 2800
2800, 2801
2802, 2801
2803, 2801
2804, 2801
2801, 2802
2801, 2803
2801, 2804
2805, 2804
2807, 2804
2804, 2805
2806, 2805
2805, 2806
2804, 2807
2808, 2807
2807, 2808
2810, 2809
2814, 2809
2809, 2810
2811, 2810
2810, 2811
2812, 2811
2813, 2811
2811, 2812
2811, 2813
2809, 2814
2815, 2814
2814, 2815
2816, 2815
2817, 2815
2815, 2816
2815, 2817
2819, 2818
2818, 2819
2820, 2819
2819, 2820
2821, 2820
2820, 2821
2823, 2822
2825, 2822
2822, 2823
2824, 2823
2823, 2824
2822, 2825
2826, 2825
2825, 2826
2828, 2827
2827, 2828
2829, 2828
2828, 2829
2830, 2829
2833, 2829
2829, 2830
2831, 2830
2832, 2830
2830, 2831
2830, 2832
2829, 2833
2835, 2834
2834, 2835
2836, 2835
2835, 2836
2837, 2836
2838, 2836
2839, 2836
2836, 2837
2836, 2838
2836, 2839
2840, 2839
2839, 2840
2841, 2840
2840, 2841
2843, 2842
2842, 2843
2844, 2843
2843, 2844
2845, 2844
2848, 2844
2844, 2845
2846, 2845
2847, 2845
2845, 2846
2845, 2847
2844, 2848
2850, 2849
2849, 2850
2851, 2850
2850, 2851
2852, 2851
2855, 2851
2851, 2852
2853, 2852
2854, 2852
2852, 2853
2852, 2854
2851, 2855
2856, 2855
2857, 2855
2855, 2856
2855, 2857
2859, 2858
2858, 2859
2860, 2859
2859, 2860
2861, 2860
2862, 2860
2860, 2861
2860, 2862
2863, 2862
2865, 2862
2862, 2863
2864, 2863
2863, 2864
2862, 2865
2866, 2865
2865, 2866
2868, 2867
2867, 2868
2869, 2868
2868, 2869
2870, 2869
2873, 2869
2869, 2870
2871, 2870
2872, 2870
2870, 2871
2870, 2872
2869, 2873
2875, 2874
2874, 2875
2876, 2875
2875, 2876
2877, 2876
2878, 2876
2879, 2876
2876, 2877
2876, 2878
2876, 2879
2880, 2879
2879, 2880
2881, 2880
2880, 2881
2883, 2882
2882, 2883
2884, 2883
2883, 2884
2885, 2884
2888, 2884
2884, 2885
2886, 2885
2887, 2885
2885, 2886
2885, 2887
2884, 2888
2890, 2889
2889, 2890
2891, 2890
2890, 2891
2892, 2891
2893, 2891
2894, 2891
2891, 2892
2891, 2893
2891, 2894
2895, 2894
2894, 2895
2896, 2895
2895, 2896
2898, 2897
2897, 2898
2899, 2898
2898, 2899
2900, 2899
2901, 2899
2899, 2900
2899, 2901
2903, 2902
2902, 2903
2904, 2903
2905, 2903
2903, 2904
2903, 2905
2907, 2906
2906, 2907
2908, 2907
2907, 2908
2909, 2908
2912, 2908
2908, 2909
2910, 2909
2911, 2909
2909, 2910
2909, 2911
2908, 2912
2914, 2913
2913, 2914
2915, 2914
2914, 2915
2916, 2915
2919, 2915
2915, 2916
2917, 2916
2918, 2916
2916, 2917
2916, 2918
2915, 2919
2920, 2919
2921, 2919
2919, 2920
2919, 2921
2923, 2922
2922, 2923
2924, 2923
2923, 2924
2925, 2924
2926, 2924
2924, 2925
2924, 2926
2927, 2926
2926, 2927
2928, 2927
2930, 2927
2927, 2928
2929, 2928
2928, 2929
2927, 2930
2931, 2930
2930, 2931
2933, 2932
2932, 2933
2934, 2933
2933, 2934
2935, 2934
2940, 2934
2934, 2935
2936, 2935
2939, 2935
2935, 2936
2937, 2936
2938, 2936
2936, 2937
2936, 2938
2935, 2939
2934, 2940
2942, 2941
2941, 2942
2943, 2942
2944, 2942
2945, 2942
2942, 2943
2942, 2944
2942, 2945
2946, 2945
2945, 2946
2947, 2946
2946, 2947
2948, 2947
2947, 2948
2949, 2948
2950, 2948
2948, 2949
2948, 2950
2952, 2951
2951, 2952
2953, 2952
2952, 2953
2954, 2953
2957, 2953
2953, 2954
2955, 2954
2956, 2954
2954, 2955
2954, 2956
2953, 2957
2959, 2958
2958, 2959
2960, 2959
2959, 2960
2961, 2960
2964, 2960
2960, 2961
2962, 2961
2963, 2961
2961, 2962
2961, 2963
2960, 2964
2966, 2965
2965, 2966
2967, 2966
2966, 2967
2968, 2967
2969, 2967
2967, 2968
2967, 2969
2971, 2970
2970, 2971
2972, 2971
2971, 2972
2973, 2972
2974, 2972
2975, 2972
2972, 2973
2972, 2974
2972, 2975
2976, 2975
2978, 2975
2975, 2976
2977, 2976
2976, 2977
2975, 2978
2979, 2978
2978, 2979
2981, 2980
2980, 2981
2982, 2981
2981, 2982
2983, 2982
2986, 2982
2982, 2983
2984, 2983
2985, 2983
2983, 2984
2983, 2985
2982, 2986
2987, 2986
2988, 2986
2986, 2987
2986, 2988
2990, 2989
2989, 2990
2991, 2990
2990, 2991
2992, 2991
2995, 2991
2991, 2992
2993, 2992
2994, 2992
2992, 2993
2992, 2994
2991, 2995
2996, 2995
2997, 2995
2995, 2996
2995, 2997
2999, 2998
2998, 2999
3000, 2999
2999, 3000
3001, 3000
3002, 3000
3005, 3000
3000, 3001
3000, 3002
3003, 3002
3004, 3002
3002, 3003
3002, 3004
3000, 3005
3006, 3005
3005, 3006
3008, 3007
3007, 3008
3009, 3008
3008, 3009
3010, 3009
3011, 3009
3009, 3010
3009, 3011
3012, 3011
3014, 3011
3011, 3012
3013, 3012
3012, 3013
3011, 3014
3015, 3014
3014, 3015
3017, 3016
3016, 3017
3018, 3017
3017, 3018
3019, 3018
3022, 3018
3018, 3019
3020, 3019
3021, 3019
3019, 3020
3019, 3021
3018, 3022
3023, 3022
3024, 3022
3022, 3023
3022, 3024
3026, 3025
3025, 3026
3027, 3026
3026, 3027
3028, 3027
3029, 3027
3027, 3028
3027, 3029
3030, 3029
3029, 3030
3031, 3030
3033, 3030
3030, 3031
3032, 3031
3031, 3032
3030, 3033
3034, 3033
3033, 3034
3036, 3035
3035, 3036
3037, 3036
3036, 3037
3038, 3037
3039, 3037
3037, 3038
3037, 3039
3040, 3039
3041, 3039
3039, 3040
3039, 3041
3043, 3042
3042, 3043
3044, 3043
3043, 3044
3045, 3044
3048, 3044
3044, 3045
3046, 3045
3047, 3045
3045, 3046
3045, 3047
3044, 3048
3050, 3049
3049, 3050
3051, 3050
3050, 3051
3052, 3051
3055, 3051
3051, 3052
3053, 3052
3054, 3052
3052, 3053
3052, 3054
3051, 3055
3057, 3056
3056, 3057
3058, 3057
3063, 3057
3057, 3058
3059, 3058
3058, 3059
3060, 3059
3059, 3060
3061, 3060
3062, 3060
3060, 3061
3060, 3062
3057, 3063
3064, 3063
3063, 3064
3066, 3065
3065, 3066
3067, 3066
3066, 3067
3068, 3067
3071, 3067
3067, 3068
3069, 3068
3070, 3068
3068, 3069
3068, 3070
3067, 3071
3073, 3072
3072, 3073
3074, 3073
3073, 3074
3075, 3074
3076, 3074
3074, 3075
3074, 3076
3077, 3076
3076, 3077
3078, 3077
3077, 3078
3080, 3079
3079, 3080
3081, 3080
3080, 3081
3082, 3081
3085, 3081
3081, 3082
3083, 3082
3084, 3082
3082, 3083
3082, 3084
3081, 3085
3087, 3086
3086, 3087
3088, 3087
3087, 3088
3089, 3088
3090, 3088
3091, 3088
3088, 3089
3088, 3090
3088, 3091
3092, 3091
3091, 3092
3093, 3092
3092, 3093
3095, 3094
3094, 3095
3096, 3095
3095, 3096
3097, 3096
3100, 3096
3096, 3097
3098, 3097
3099, 3097
3097, 3098
3097, 3099
3096, 3100
3102, 3101
3101, 3102
3103, 3102
3102, 3103
3104, 3103
3105, 3103
3103, 3104
3103, 3105
3106, 3105
3108, 3105
3105, 3106
3107, 3106
3106, 3107
3105, 3108
3109, 3108
3108, 3109
3111, 3110
3110, 3111
3112, 3111
3111, 3112
3113, 3112
3114, 3112
3115, 3112
3112, 3113
3112, 3114
3112, 3115
3116, 3115
3118, 3115
3115, 3116
3117, 3116
3116, 3117
3115, 3118
3119, 3118
3118, 3119
3121, 3120
3120, 3121
3122, 3121
3121, 3122
3123, 3122
3126, 3122
3122, 3123
3124, 3123
3125, 3123
3123, 3124
3123, 3125
3122, 3126
3128, 3127
3127, 3128
3129, 3128
3130, 3128
3128, 3129
3128, 3130
3131, 3130
3130, 3131
3132, 3131
3131, 3132
3134, 3133
3133, 3134
3135, 3134
3134, 3135
3136, 3135
3137, 3135
3141, 3135
3135, 3136
3135, 3137
3138, 3137
3137, 3138
3139, 3138
3140, 3138
3138, 3139
3138, 3140
3135, 3141
3143, 3142
3142, 3143
3144, 3143
3145, 3143
3143, 3144
3143, 3145
3147, 3146
3146, 3147
3148, 3147
3147, 3148
3149, 3148
3152, 3148
3148, 3149
3150, 3149
3151, 3149
3149, 3150
3149, 3151
3148, 3152
3154, 3153
3153, 3154
3155, 3154
3154, 3155
3156, 3155
3159, 3155
3155, 3156
3157, 3156
3158, 3156
3156, 3157
3156, 3158
3155, 3159
3160, 3159
3161, 3159
3159, 3160
3159, 3161
3163, 3162
3162, 3163
3164, 3163
3163, 3164
3165, 3164
3166, 3164
3171, 3164
3164, 3165
3164, 3166
3167, 3166
3170, 3166
3166, 3167
3168, 3167
3169, 3167
3167, 3168
3167, 3169
3166, 3170
3164, 3171
3173, 3172
3172, 3173
3174, 3173
3173, 3174
3175, 3174
3178, 3174
3179, 3174
3180, 3174
3174, 3175
3176, 3175
3177, 3175
3175, 3176
3175, 3177
3174, 3178
3174, 3179
3174, 3180
3182, 3181
3181, 3182
3183, 3182
3182, 3183
3184, 3183
3185, 3183
3186, 3183
3187, 3183
3183, 3184
3183, 3185
3183, 3186
3183, 3187
3188, 3187
3187, 3188
3189, 3188
3188, 3189
3191, 3190
3190, 3191
3192, 3191
3191, 3192
3193, 3192
3194, 3192
3192, 3193
3192, 3194
3196, 3195
3195, 3196
3197, 3196
3198, 3196
3196, 3197
3196, 3198
3200, 3199
3199, 3200
3201, 3200
3202, 3200
3200, 3201
3200, 3202
3203, 3202
3202, 3203
3204, 3203
3203, 3204
3205, 3204
3204, 3205
3207, 3206
3211, 3206
3206, 3207
3208, 3207
3207, 3208
3209, 3208
3210, 3208
3208, 3209
3208, 3210
3206, 3211
3212, 3211
3211, 3212
3213, 3212
3214, 3212
3212, 3213
3212, 3214
3216, 3215
3215, 3216
3217, 3216
3216, 3217
3219, 3218
3223, 3218
3218, 3219
3220, 3219
3219, 3220
3221, 3220
3220, 3221
3222, 3221
3221, 3222
3218, 3223
3224, 3223
3223, 3224
3225, 3224
3226, 3224
3227, 3224
3224, 3225
3224, 3226
3224, 3227
3229, 3228
3228, 3229
3230, 3229
3229, 3230
3231, 3230
3236, 3230
3230, 3231
3232, 3231
3235, 3231
3231, 3232
3233, 3232
3234, 3232
3232, 3233
3232, 3234
3231, 3235
3230, 3236
3238, 3237
3239, 3237
3237, 3238
3237, 3239
3240, 3239
3239, 3240
3241, 3240
3240, 3241
3242, 3241
3241, 3242
3244, 3243
3243, 3244
3245, 3244
3244, 3245
3246, 3245
3247, 3245
3248, 3245
3245, 3246
3245, 3247
3245, 3248
3249, 3248
3251, 3248
3248, 3249
3250, 3249
3249, 3250
3248, 3251
3252, 3251
3251, 3252
3254, 3253
3256, 3253
3253, 3254
3255, 3254
3254, 3255
3253, 3256
3257, 3256
3256, 3257
3259, 3258
3258, 3259
3260, 3259
3259, 3260
3261, 3260
3264, 3260
3260, 3261
3262, 3261
3263, 3261
3261, 3262
3261, 3263
3260, 3264
3266, 3265
3265, 3266
3267, 3266
3266, 3267
3268, 3267
3271, 3267
3267, 3268
3269, 3268
3270, 3268
3268, 3269
3268, 3270
3267, 3271
3273, 3272
3272, 3273
3274, 3273
3273, 3274
3275, 3274
3274, 3275
3276, 3275
3277, 3275
3275, 3276
3275, 3277
3279, 3278
3278, 3279
3280, 3279
3279, 3280
3281, 3280
3282, 3280
3284, 3280
3280, 3281
3280, 3282
3283, 3282
3282, 3283
3280, 3284
3285, 3284
3284, 3285
3287, 3286
3286, 3287
3288, 3287
3287, 3288
3289, 3288
3290, 3288
3288, 3289
3288, 3290
3291, 3290
3293, 3290
3290, 3291
3292, 3291
3291, 3292
3290, 3293
3294, 3293
3293, 3294
3296, 3295
3295, 3296
3297, 3296
3296, 3297
3298, 3297
3301, 3297
3297, 3298
3299, 3298
3300, 3298
3298, 3299
3298, 3300
3297, 3301
3302, 3301
3301, 3302
3303, 3302
3304, 3302
3302, 3303
3302, 3304
3306, 3305
3305, 3306
3307, 3306
3306, 3307
3308, 3307
3311, 3307
3307, 3308
3309, 3308
3310, 3308
3308, 3309
3308, 3310
3307, 3311
3312, 3311
3311, 3312
3314, 3313
3313, 3314
3315, 3314
3314, 3315
3316, 3315
3317, 3315
3318, 3315
3315, 3316
3315, 3317
3315, 3318
3319, 3318
3321, 3318
3318, 3319
3320, 3319
3319, 3320
3318, 3321
3322, 3321
3321, 3322
3324, 3323
3323, 3324
3325, 3324
3324, 3325
3326, 3325
3329, 3325
3325, 3326
3327, 3326
3328, 3326
3326, 3327
3326, 3328
3325, 3329
3330, 3329
3331, 3329
3329, 3330
3329, 3331
3333, 3332
3332, 3333
3334, 3333
3333, 3334
3335, 3334
3338, 3334
3334, 3335
3336, 3335
3337, 3335
3335, 3336
3335, 3337
3334, 3338
3340, 3339
3339, 3340
3341, 3340
3340, 3341
3342, 3341
3341, 3342
3343, 3342
3342, 3343
3344, 3343
3343, 3344
3345, 3344
3344, 3345
3346, 3345
3347, 3345
3345, 3346
3345, 3347
3349, 3348
3348, 3349
3350, 3349
3349, 3350
3351, 3350
3354, 3350
3350, 3351
3352, 3351
3353, 3351
3351, 3352
3351, 3353
3350, 3354
3356, 3355
3355, 3356
3357, 3356
3356, 3357
3358, 3357
3361, 3357
3357, 3358
3359, 3358
3360, 3358
3358, 3359
3358, 3360
3357, 3361
3363, 3362
3362, 3363
3364, 3363
3363, 3364
3365, 3364
3368, 3364
3364, 3365
3366, 3365
3367, 3365
3365, 3366
3365, 3367
3364, 3368
3369, 3368
3368, 3369
3370, 3369
3369, 3370
3372, 3371
3371, 3372
3373, 3372
3372, 3373
3374, 3373
3377, 3373
3378, 3373
3373, 3374
3375, 3374
3376, 3374
3374, 3375
3374, 3376
3373, 3377
3373, 3378
3379, 3378
3378, 3379
3380, 3379
3379, 3380
3382, 3381
3381, 3382
3383, 3382
3382, 3383
3384, 3383
3385, 3383
3383, 3384
3383, 3385
3386, 3385
3385, 3386
3387, 3386
3386, 3387
3389, 3388
3388, 3389
3390, 3389
3391, 3389
3389, 3390
3389, 3391
3392, 3391
3391, 3392
3393, 3392
3392, 3393
3394, 3393
3393, 3394
3395, 3394
3396, 3394
3394, 3395
3394, 3396
3398, 3397
3397, 3398
3399, 3398
3398, 3399
3400, 3399
3401, 3399
3402, 3399
3399, 3400
3399, 3401
3399, 3402
3403, 3402
3405, 3402
3402, 3403
3404, 3403
3403, 3404
3402, 3405
3406, 3405
3405, 3406
3408, 3407
3407, 3408
3409, 3408
3408, 3409
3410, 3409
3411, 3409
3409, 3410
3409, 3411
3412, 3411
3411, 3412
3413, 3412
3412, 3413
3415, 3414
3418, 3414
3414, 3415
3416, 3415
3415, 3416
3417, 3416
3416, 3417
3414, 3418
3419, 3418
3418, 3419
3420, 3419
3423, 3419
3419, 3420
3421, 3420
3422, 3420
3420, 3421
3420, 3422
3419, 3423
3425, 3424
3424, 3425
3426, 3425
3425, 3426
3427, 3426
3430, 3426
3426, 3427
3428, 3427
3429, 3427
3427, 3428
3427, 3429
3426, 3430
3431, 3430
3430, 3431
3432, 3431
3431, 3432
3434, 3433
3433, 3434
3435, 3434
3434, 3435
3436, 3435
3437, 3435
3438, 3435
3435, 3436
3435, 3437
3435, 3438
3439, 3438
3441, 3438
3438, 3439
3440, 3439
3439, 3440
3438, 3441
3442, 3441
3441, 3442
3444, 3443
3443, 3444
3445, 3444
3444, 3445
3446, 3445
3447, 3445
3445, 3446
3445, 3447
3448, 3447
3447, 3448
3449, 3448
3451, 3448
3448, 3449
3450, 3449
3449, 3450
3448, 3451
3452, 3451
3451, 3452
3454, 3453
3453, 3454
3455, 3454
3454, 3455
3456, 3455
3457, 3455
3455, 3456
3455, 3457
3458, 3457
3457, 3458
3459, 3458
3458, 3459
3461, 3460
3460, 3461
3462, 3461
3461, 3462
3463, 3462
3466, 3462
3462, 3463
3464, 3463
3465, 3463
3463, 3464
3463, 3465
3462, 3466
3467, 3466
3468, 3466
3466, 3467
3466, 3468
3470, 3469
3469, 3470
3471, 3470
3470, 3471
3472, 3471
3471, 3472
3473, 3472
3474, 3472
3472, 3473
3472, 3474
3476, 3475
3475, 3476
3477, 3476
3478, 3476
3479, 3476
3476, 3477
3476, 3478
3476, 3479
3480, 3479
3479, 3480
3481, 3480
3480, 3481
3482, 3481
3481, 3482
3483, 3482
3484, 3482
3482, 3483
3482, 3484
3486, 3485
3485, 3486
3487, 3486
3486, 3487
3488, 3487
3487, 3488
3489, 3488
3490, 3488
3491, 3488
3492, 3488
3494, 3488
3488, 3489
3488, 3490
3488, 3491
3488, 3492
3493, 3492
3492, 3493
3488, 3494
3496, 3495
3498, 3495
3495, 3496
3497, 3496
3496, 3497
3495, 3498
3499, 3498
3498, 3499
3500, 3499
3503, 3499
3499, 3500
3501, 3500
3502, 3500
3500, 3501
3500, 3502
3499, 3503
3505, 3504
3504, 3505
3506, 3505
3505, 3506
3507, 3506
3510, 3506
3506, 3507
3508, 3507
3509, 3507
3507, 3508
3507, 3509
3506, 3510
3512, 3511
3511, 3512
3513, 3512
3512, 3513
3514, 3513
3515, 3513
3516, 3513
3513, 3514
3513, 3515
3513, 3516
3518, 3517
3517, 3518
3519, 3518
3518, 3519
3520, 3519
3521, 3519
3519, 3520
3519, 3521
3522, 3521
3521, 3522
3523, 3522
3522, 3523
3525, 3524
3524, 3525
3526, 3525
3525, 3526
3527, 3526
3528, 3526
3529, 3526
3526, 3527
3526, 3528
3526, 3529
3530, 3529
3532, 3529
3529, 3530
3531, 3530
3530, 3531
3529, 3532
3533, 3532
3532, 3533
3535, 3534
3534, 3535
3536, 3535
3535, 3536
3537, 3536
3542, 3536
3536, 3537
3538, 3537
3541, 3537
3537, 3538
3539, 3538
3540, 3538
3538, 3539
3538, 3540
3537, 3541
3536, 3542
3543, 3542
3542, 3543
3545, 3544
3544, 3545
3546, 3545
3545, 3546
3547, 3546
3548, 3546
3546, 3547
3546, 3548
3549, 3548
3551, 3548
3548, 3549
3550, 3549
3549, 3550
3548, 3551
3552, 3551
3551, 3552
3554, 3553
3556, 3553
3553, 3554
3555, 3554
3554, 3555
3553, 3556
3557, 3556
3556, 3557
3558, 3557
3561, 3557
3557, 3558
3559, 3558
3560, 3558
3558, 3559
3558, 3560
3557, 3561
3563, 3562
3562, 3563
3564, 3563
3563, 3564
3565, 3564
3568, 3564
3569, 3564
3564, 3565
3566, 3565
3567, 3565
3565, 3566
3565, 3567
3564, 3568
3564, 3569
3570, 3569
3569, 3570
3571, 3570
3570, 3571
3573, 3572
3572, 3573
3574, 3573
3573, 3574
3575, 3574
3576, 3574
3577, 3574
3578, 3574
3574, 3575
3574, 3576
3574, 3577
3574, 3578
3579, 3578
3578, 3579
3580, 3579
3579, 3580
3581, 3580
3580, 3581
3583, 3582
3582, 3583
3584, 3583
3583, 3584
3585, 3584
3586, 3584
3587, 3584
3584, 3585
3584, 3586
3584, 3587
3588, 3587
3587, 3588
3589, 3588
3588, 3589
3591, 3590
3590, 3591
3592, 3591
3591, 3592
3593, 3592
3596, 3592
3592, 3593
3594, 3593
3595, 3593
3593, 3594
3593, 3595
3592, 3596
3598, 3597
3597, 3598
3599, 3598
3598, 3599
3600, 3599
3603, 3599
3604, 3599
3599, 3600
3601, 3600
3602, 3600
3600, 3601
3600, 3602
3599, 3603
3599, 3604
3605, 3604
3604, 3605
3607, 3606
3606, 3607
3608, 3607
3607, 3608
3609, 3608
3613, 3608
3608, 3609
3610, 3609
3612, 3609
3609, 3610
3611, 3610
3610, 3611
3609, 3612
3608, 3613
3615, 3614
3614, 3615
3616, 3615
3615, 3616
3617, 3616
3618, 3616
3616, 3617
3616, 3618
3620, 3619
3619, 3620
3621, 3620
3620, 3621
3622, 3621
3623, 3621
3624, 3621
3621, 3622
3621, 3623
3621, 3624
3625, 3624
3627, 3624
3624, 3625
3626, 3625
3625, 3626
3624, 3627
3628, 3627
3627, 3628
3630, 3629
3629, 3630
3631, 3630
3630, 3631
3632, 3631
3631, 3632
3633, 3632
3634, 3632
3632, 3633
3632, 3634
3636, 3635
3635, 3636
3637, 3636
3636, 3637
3638, 3637
3639, 3637
3640, 3637
3637, 3638
3637, 3639
3637, 3640
3641, 3640
3640, 3641
3642, 3641
3641, 3642
3644, 3643
3643, 3644
3645, 3644
3644, 3645
3646, 3645
3649, 3645
3650, 3645
3645, 3646
3647, 3646
3648, 3646
3646, 3647
3646, 3648
3645, 3649
3645, 3650
3651, 3650
3650, 3651
3652, 3651
3651, 3652
3654, 3653
3653, 3654
3655, 3654
3654, 3655
3656, 3655
3657, 3655
3658, 3655
3655, 3656
3655, 3657
3655, 3658
3659, 3658
3658, 3659
3660, 3659
3659, 3660
3662, 3661
3661, 3662
3663, 3662
3662, 3663
3664, 3663
3665, 3663
3663, 3664
3663, 3665
3666, 3665
3665, 3666
3667, 3666
3669, 3666
3666, 3667
3668, 3667
3667, 3668
3666, 3669
3670, 3669
3669, 3670
3672, 3671
3674, 3671
3671, 3672
3673, 3672
3672, 3673
3671, 3674
3675, 3674
3674, 3675
3676, 3675
3677, 3675
3678, 3675
3675, 3676
3675, 3677
3675, 3678
3679, 3678
3678, 3679
3681, 3680
3684, 3680
3680, 3681
3682, 3681
3681, 3682
3683, 3682
3682, 3683
3680, 3684
3685, 3684
3684, 3685
3686, 3685
3687, 3685
3685, 3686
3685, 3687
3688, 3687
3689, 3687
3687, 3688
3687, 3689
3691, 3690
3690, 3691
3692, 3691
3691, 3692
3693, 3692
3696, 3692
3692, 3693
3694, 3693
3695, 3693
3693, 3694
3693, 3695
3692, 3696
3697, 3696
3698, 3696
3696, 3697
3696, 3698
3700, 3699
3699, 3700
3701, 3700
3700, 3701
3702, 3701
3703, 3701
3701, 3702
3701, 3703
3704, 3703
3706, 3703
3703, 3704
3705, 3704
3704, 3705
3703, 3706
3707, 3706
3706, 3707
3709, 3708
3708, 3709
3710, 3709
3711, 3709
3709, 3710
3709, 3711
3712, 3711
3711, 3712
3713, 3712
3715, 3712
3712, 3713
3714, 3713
3713, 3714
3712, 3715
3716, 3715
3715, 3716
3718, 3717
3717, 3718
3719, 3718
3718, 3719
3720, 3719
3721, 3719
3719, 3720
3719, 3721
3722, 3721
3721, 3722
3723, 3722
3722, 3723
3725, 3724
3724, 3725
3726, 3725
3725, 3726
3727, 3726
3728, 3726
3729, 3726
3726, 3727
3726, 3728
3726, 3729
3730, 3729
3729, 3730
3731, 3730
3730, 3731
3733, 3732
3735, 3732
3732, 3733
3734, 3733
3733, 3734
3732, 3735
3736, 3735
3735, 3736
3737, 3736
3740, 3736
3741, 3736
3736, 3737
3738, 3737
3739, 3737
3737, 3738
3737, 3739
3736, 3740
3736, 3741
3743, 3742
3742, 3743
3744, 3743
3743, 3744
3745, 3744
3748, 3744
3744, 3745
3746, 3745
3747, 3745
3745, 3746
3745, 3747
3744, 3748
3749, 3748
3748, 3749
3750, 3749
3749, 3750
3751, 3750
3750, 3751
3753, 3752
3752, 3753
3754, 3753
3753, 3754
3755, 3754
3758, 3754
3754, 3755
3756, 3755
3757, 3755
3755, 3756
3755, 3757
3754, 3758
3759, 3758
3760, 3758
3758, 3759
3758, 3760
3762, 3761
3761, 3762
3763, 3762
3762, 3763
3764, 3763
3767, 3763
3763, 3764
3765, 3764
3766, 3764
3764, 3765
3764, 3766
3763, 3767
3768, 3767
3769, 3767
3767, 3768
3767, 3769
3771, 3770
3770, 3771
3772, 3771
3771, 3772
3773, 3772
3774, 3772
3777, 3772
3772, 3773
3772, 3774
3775, 3774
3776, 3774
3774, 3775
3774, 3776
3772, 3777
3778, 3777
3777, 3778
3780, 3779
3779, 3780
3781, 3780
3780, 3781
3782, 3781
3783, 3781
3781, 3782
3781, 3783
3784, 3783
3785, 3783
3783, 3784
3783, 3785
3787, 3786
3786, 3787
3788, 3787
3787, 3788
3789, 3788
3790, 3788
3788, 3789
3788, 3790
3791, 3790
3790, 3791
3792, 3791
3791, 3792
3794, 3793
3793, 3794
3795, 3794
3794, 3795
3796, 3795
3797, 3795
3798, 3795
3795, 3796
3795, 3797
3795, 3798
3799, 3798
3798, 3799
3800, 3799
3799, 3800
3802, 3801
3801, 3802
3803, 3802
3806, 3802
3802, 3803
3804, 3803
3805, 3803
3803, 3804
3803, 3805
3802, 3806
3807, 3806
3806, 3807
3808, 3807
3807, 3808
3809, 3808
3810, 3808
3808, 3809
3808, 3810
3812, 3811
3811, 3812
3813, 3812
3812, 3813
3814, 3813
3817, 3813
3813, 3814
3815, 3814
3816, 3814
3814, 3815
3814, 3816
3813, 3817
3818, 3817
3817, 3818
3820, 3819
3819, 3820
3821, 3820
3820, 3821
3823, 3822
3822, 3823
3824, 3823
3823, 3824
3825, 3824
3826, 3824
3824, 3825
3824, 3826
3827, 3826
3826, 3827
3828, 3827
3827, 3828
3830, 3829
3829, 3830
3831, 3830
3830, 3831
3832, 3831
3833, 3831
3834, 3831
3831, 3832
3831, 3833
3831, 3834
3835, 3834
3834, 3835
3836, 3835
3835, 3836
3837, 3836
3836, 3837
3838, 3837
3837, 3838
3840, 3839
3839, 3840
3841, 3840
3840, 3841
3842, 3841
3845, 3841
3841, 3842
3843, 3842
3844, 3842
3842, 3843
3842, 3844
3841, 3845
3847, 3846
3846, 3847
3848, 3847
3847, 3848
3849, 3848
3850, 3848
3848, 3849
3848, 3850
3852, 3851
3851, 3852
3853, 3852
3852, 3853
3854, 3853
3857, 3853
3853, 3854
3855, 3854
3856, 3854
3854, 3855
3854, 3856
3853, 3857
3859, 3858
3858, 3859
3860, 3859
3859, 3860
3861, 3860
3862, 3860
3860, 3861
3860, 3862
3863, 3862
3862, 3863
3864, 3863
3863, 3864
3866, 3865
3865, 3866
3867, 3866
3866, 3867
3868, 3867
3869, 3867
3867, 3868
3867, 3869
3871, 3870
3870, 3871
3872, 3871
3871, 3872
3873, 3872
3876, 3872
3872, 3873
3874, 3873
3875, 3873
3873, 3874
3873, 3875
3872, 3876
3878, 3877
3877, 3878
3879, 3878
3878, 3879
3880, 3879
3881, 3879
3879, 3880
3879, 3881
3882, 3881
3881, 3882
3883, 3882
3882, 3883
3885, 3884
3889, 3884
3884, 3885
3886, 3885
3885, 3886
3887, 3886
3888, 3886
3886, 3887
3886, 3888
3884, 3889
3890, 3889
3889, 3890
3891, 3890
3892, 3890
3890, 3891
3890, 3892
3894, 3893
3893, 3894
3895, 3894
3896, 3894
3894, 3895
3894, 3896
3897, 3896
3899, 3896
3896, 3897
3898, 3897
3897, 3898
3896, 3899
3900, 3899
3899, 3900
3902, 3901
3901, 3902
3903, 3902
3902, 3903
3904, 3903
3907, 3903
3903, 3904
3905, 3904
3906, 3904
3904, 3905
3904, 3906
3903, 3907
3908, 3907
3907, 3908
3909, 3908
3908, 3909
3910, 3909
3909, 3910
3912, 3911
3911, 3912
3913, 3912
3912, 3913
3914, 3913
3915, 3913
3913, 3914
3913, 3915
3916, 3915
3918, 3915
3915, 3916
3917, 3916
3916, 3917
3915, 3918
3919, 3918
3918, 3919
3921, 3920
3920, 3921
3922, 3921
3921, 3922
3923, 3922
3926, 3922
3922, 3923
3924, 3923
3925, 3923
3923, 3924
3923, 3925
3922, 3926
3927, 3926
3928, 3926
3926, 3927
3926, 3928
3930, 3929
3929, 3930
3931, 3930
3930, 3931
3932, 3931
3935, 3931
3931, 3932
3933, 3932
3934, 3932
3932, 3933
3932, 3934
3931, 3935
3936, 3935
3937, 3935
3935, 3936
3935, 3937
3939, 3938
3938, 3939
3940, 3939
3939, 3940
3941, 3940
3944, 3940
3940, 3941
3942, 3941
3943, 3941
3941, 3942
3941, 3943
3940, 3944
3945, 3944
3946, 3944
3944, 3945
3944, 3946
3948, 3947
3947, 3948
3949, 3948
3948, 3949
3950, 3949
3955, 3949
3949, 3950
3951, 3950
3954, 3950
3950, 3951
3952, 3951
3953, 3951
3951, 3952
3951, 3953
3950, 3954
3949, 3955
3957, 3956
3959, 3956
3956, 3957
3958, 3957
3957, 3958
3956, 3959
3960, 3959
3959, 3960
3962, 3961
3961, 3962
3963, 3962
3962, 3963
3964, 3963
3965, 3963
3966, 3963
3963, 3964
3963, 3965
3963, 3966
3967, 3966
3966, 3967
3968, 3967
3967, 3968
3970, 3969
3972, 3969
3974, 3969
3969, 3970
3971, 3970
3970, 3971
3969, 3972
3973, 3972
3972, 3973
3969, 3974
3975, 3974
3974, 3975
3976, 3975
3975, 3976
3978, 3977
3977, 3978
3979, 3978
3978, 3979
3980, 3979
3983, 3979
3979, 3980
3981, 3980
3982, 3980
3980, 3981
3980, 3982
3979, 3983
3985, 3984
3989, 3984
3984, 3985
3986, 3985
3985, 3986
3987, 3986
3988, 3986
3986, 3987
3986, 3988
3984, 3989
3990, 3989
3989, 3990
3991, 3990
3992, 3990
3990, 3991
3990, 3992
3994, 3993
3993, 3994
3995, 3994
3994, 3995
3996, 3995
3995, 3996
3997, 3996
3998, 3996
3996, 3997
3996, 3998
4000, 3999
3999, 4000
4001, 4000
4000, 4001
4002, 4001
4003, 4001
4004, 4001
4001, 4002
4001, 4003
4001, 4004
4006, 4005
4008, 4005
4005, 4006
4007, 4006
4006, 4007
4005, 4008
4009, 4008
4008, 4009
4010, 4009
4009, 4010
4012, 4011
4011, 4012
4013, 4012
4014, 4012
4012, 4013
4012, 4014
4015, 4014
4014, 4015
4016, 4015
4018, 4015
4015, 4016
4017, 4016
4016, 4017
4015, 4018
4019, 4018
4018, 4019
4021, 4020
4020, 4021
4022, 4021
4021, 4022
4023, 4022
4026, 4022
4022, 4023
4024, 4023
4025, 4023
4023, 4024
4023, 4025
4022, 4026
4027, 4026
4028, 4026
4026, 4027
4026, 4028
4030, 4029
4029, 4030
4031, 4030
4030, 4031
4032, 4031
4035, 4031
4031, 4032
4033, 4032
4034, 4032
4032, 4033
4032, 4034
4031, 4035
4036, 4035
4037, 4035
4035, 4036
4035, 4037
4039, 4038
4042, 4038
4038, 4039
4040, 4039
4039, 4040
4041, 4040
4040, 4041
4038, 4042
4043, 4042
4042, 4043
4044, 4043
4047, 4043
4043, 4044
4045, 4044
4046, 4044
4044, 4045
4044, 4046
4043, 4047
4049, 4048
4048, 4049
4050, 4049
4049, 4050
4051, 4050
4052, 4050
4053, 4050
4050, 4051
4050, 4052
4050, 4053
4054, 4053
4056, 4053
4053, 4054
4055, 4054
4054, 4055
4053, 4056
4057, 4056
4056, 4057
4059, 4058
4058, 4059
4060, 4059
4059, 4060
4061, 4060
4062, 4060
4060, 4061
4060, 4062
4063, 4062
4062, 4063
4064, 4063
4063, 4064
