1 2
1 9
1 12
1 14
1 31
1 30
1 13
1 29
1 19
1 37
1 43
1 41
1 34
1 32
1 39
1 42
2 3
2 7
2 20
2 4
2 15
2 25
2 21
2 22
2 26
2 5
2 36
2 27
2 23
2 16
2 28
2 8
2 17
2 33
2 18
2 11
2 24
3 4
3 7
3 8
3 5
3 18
3 23
3 11
3 15
3 16
3 21
3 28
3 3
3 33
3 17
3 25
3 24
3 26
3 27
3 22
3 20
3 36
4 4
4 6
4 5
4 3
4 21
4 33
4 17
4 18
4 25
4 11
4 8
4 27
4 16
4 7
4 22
4 20
4 15
4 28
4 23
4 36
4 26
4 24
8 6
6 7
6 22
6 5
6 18
6 3
6 8
6 24
6 17
6 28
6 4
6 23
6 15
6 27
6 16
6 21
6 33
6 25
6 11
6 20
6 26
6 36
9 10
10 3
10 11
10 8
10 17
10 4
10 23
10 22
10 18
10 7
10 33
10 27
10 21
10 25
10 24
10 16
10 28
10 15
10 5
10 20
10 26
10 36
12 5
12 13
12 20
12 8
12 25
12 4
12 16
12 3
12 23
12 44
12 17
13 14
13 19
13 9
13 2
13 29
13 30
13 32
13 12
13 34
13 37
13 39
13 41
13 35
13 42
13 31
13 43
13 13
14 15
14 13
14 5
14 14
14 16
14 19
14 25
14 2
14 3
14 4
14 32
14 35
14 21
14 20
14 36
14 9
14 37
14 41
14 30
14 27
14 39
14 34
14 29
14 28
14 17
14 26
14 23
14 22
14 12
14 31
14 42
14 33
14 7
14 43
14 8
15 16
15 5
15 23
15 3
15 4
15 21
15 25
15 15
15 22
15 20
15 26
15 27
15 33
15 17
15 7
15 8
15 36
15 11
15 28
15 18
15 24
16 5
16 7
16 16
16 3
16 23
16 21
16 24
16 15
16 4
16 26
16 27
16 22
16 28
16 33
16 20
16 25
16 8
16 17
16 36
16 18
16 11
18 5
18 13
18 7
18 3
18 17
18 44
18 8
18 20
18 15
18 4
18 26
18 23
18 16
18 27
18 18
18 25
18 28
18 36
18 33
18 22
18 21
19 7
19 16
19 21
19 4
19 24
19 5
19 3
19 25
19 15
19 17
19 8
19 27
19 28
19 22
19 18
19 33
19 20
19 23
19 36
19 26
19 11
20 21
20 8
20 5
20 25
20 3
20 27
20 4
20 7
20 16
20 22
20 18
20 28
20 17
20 23
20 33
20 24
20 20
20 15
20 11
20 26
20 36
21 5
21 6
21 16
21 21
21 26
21 23
21 3
21 33
21 4
21 7
21 27
21 36
21 25
21 17
21 20
21 8
21 15
21 28
21 22
21 24
21 18
21 11
22 5
22 16
22 7
22 4
22 8
22 33
22 23
22 3
22 18
22 21
22 17
22 24
22 22
22 28
22 25
22 15
22 26
22 27
22 11
22 20
22 36
25 5
25 8
25 7
25 16
25 3
25 15
25 23
25 25
25 4
25 21
25 17
25 20
25 24
25 22
25 18
25 36
25 27
25 28
25 33
25 26
25 11
26 5
26 4
26 21
27 5
27 3
27 16
27 4
27 7
27 21
27 24
27 26
27 25
27 8
27 28
27 22
27 27
27 15
27 23
27 17
27 33
27 20
27 11
27 18
27 36
17 23
17 3
17 8
17 7
17 17
17 5
17 27
17 18
17 21
17 33
17 4
17 28
17 15
17 16
17 25
17 24
17 20
17 11
17 22
17 36
17 26
29 5
29 14
29 9
29 4
29 13
29 2
29 21
29 3
29 33
29 8
29 37
29 29
29 32
29 17
29 25
29 19
29 22
29 16
29 31
29 36
29 30
29 20
29 39
29 24
29 7
30 31
30 16
30 26
30 13
30 20
30 9
30 25
30 14
30 2
30 36
30 21
30 3
30 30
30 5
30 28
30 27
30 4
30 15
30 32
30 37
30 23
30 39
30 29
30 7
34 25
34 2
34 28
34 13
34 16
34 26
34 4
34 20
34 5
34 21
34 15
34 3
34 36
34 23
34 31
34 14
34 37
34 18
34 27
34 39
34 32
34 29
34 34
36 20
36 5
36 16
36 25
36 7
36 3
36 33
36 4
36 21
36 24
36 28
36 26
36 27
36 15
36 17
36 18
36 23
36 8
36 11
36 22
36 36
37 13
37 38
37 31
38 5
38 13
39 5
39 40
39 4
39 21
39 3
39 25
39 15
39 28
39 16
39 27
39 20
39 26
39 23
39 36
39 8
39 7
39 33
40 7
40 13
40 31
40 4
40 23
40 5
40 16
40 15
40 25
40 21
40 3
40 28
40 24
40 20
40 36
40 22
40 27
41 22
41 7
41 5
41 16
41 4
41 3
41 8
41 27
41 36
41 23
41 33
41 21
41 25
41 17
41 28
41 24
41 20
41 18
42 25
42 13
42 3
42 28
42 5
42 26
42 15
42 16
42 2
42 21
42 20
42 4
42 14
42 23
42 27
42 18
42 31
42 7
43 30
43 12
43 13
43 34
43 32
43 2
43 42
43 29
43 14
43 39
43 41
44 5
44 23
