2, 1
1, 2
3, 2
2, 3
4, 3
3, 4
5, 4
4, 5
6, 5
24, 5
84, 5
87, 5
204, 5
5, 6
7, 6
8, 6
9, 6
10, 6
6, 7
6, 8
6, 9
6, 10
11, 10
10, 11
12, 11
11, 12
13, 12
23, 12
12, 13
14, 13
15, 13
13, 14
13, 15
16, 15
21, 15
22, 15
15, 16
17, 16
20, 16
16, 17
18, 17
19, 17
17, 18
17, 19
16, 20
15, 21
15, 22
12, 23
5, 24
25, 24
24, 25
26, 25
25, 26
27, 26
26, 27
28, 27
27, 28
29, 28
55, 28
28, 29
30, 29
29, 30
31, 30
30, 31
32, 31
38, 31
44, 31
50, 31
31, 32
33, 32
32, 33
34, 33
33, 34
35, 34
34, 35
36, 35
37, 35
35, 36
35, 37
31, 38
39, 38
38, 39
40, 39
39, 40
41, 40
40, 41
42, 41
43, 41
41, 42
41, 43
31, 44
45, 44
44, 45
46, 45
45, 46
47, 46
46, 47
48, 47
49, 47
47, 48
47, 49
31, 50
51, 50
50, 51
52, 51
51, 52
53, 52
52, 53
54, 53
53, 54
28, 55
56, 55
61, 55
63, 55
64, 55
55, 56
57, 56
56, 57
58, 57
57, 58
59, 58
60, 58
58, 59
58, 60
55, 61
62, 61
61, 62
55, 63
55, 64
65, 64
64, 65
66, 65
80, 65
83, 65
65, 66
67, 66
73, 66
66, 67
68, 67
67, 68
69, 68
68, 69
70, 69
69, 70
71, 70
72, 70
70, 71
70, 72
66, 73
74, 73
75, 73
73, 74
73, 75
76, 75
75, 76
77, 76
76, 77
78, 77
79, 77
77, 78
77, 79
65, 80
81, 80
82, 80
80, 81
80, 82
65, 83
5, 84
85, 84
86, 84
84, 85
84, 86
5, 87
88, 87
89, 87
90, 87
91, 87
87, 88
87, 89
87, 90
87, 91
92, 91
98, 91
122, 91
146, 91
172, 91
180, 91
196, 91
202, 91
91, 92
93, 92
92, 93
94, 93
95, 93
93, 94
93, 95
96, 95
97, 95
95, 96
95, 97
91, 98
99, 98
111, 98
118, 98
121, 98
98, 99
100, 99
99, 100
101, 100
104, 100
110, 100
100, 101
102, 101
103, 101
101, 102
101, 103
100, 104
105, 104
104, 105
106, 105
109, 105
105, 106
107, 106
108, 106
106, 107
106, 108
105, 109
100, 110
98, 111
112, 111
111, 112
113, 112
116, 112
112, 113
114, 113
115, 113
113, 114
113, 115
112, 116
117, 116
116, 117
98, 118
119, 118
118, 119
120, 119
119, 120
98, 121
91, 122
123, 122
122, 123
124, 123
127, 123
123, 124
125, 124
126, 124
124, 125
124, 126
123, 127
128, 127
127, 128
129, 128
128, 129
130, 129
135, 129
129, 130
131, 130
134, 130
130, 131
132, 131
133, 131
131, 132
131, 133
130, 134
129, 135
136, 135
140, 135
135, 136
137, 136
136, 137
138, 137
139, 137
137, 138
137, 139
135, 140
141, 140
140, 141
142, 141
145, 141
141, 142
143, 142
144, 142
142, 143
142, 144
141, 145
91, 146
147, 146
150, 146
146, 147
148, 147
149, 147
147, 148
147, 149
146, 150
151, 150
155, 150
150, 151
152, 151
151, 152
153, 152
154, 152
152, 153
152, 154
150, 155
156, 155
162, 155
155, 156
157, 156
161, 156
156, 157
158, 157
157, 158
159, 158
160, 158
158, 159
158, 160
156, 161
155, 162
163, 162
162, 163
164, 163
163, 164
165, 164
166, 164
164, 165
164, 166
167, 166
168, 166
169, 166
166, 167
166, 168
166, 169
170, 169
171, 169
169, 170
169, 171
91, 172
173, 172
172, 173
174, 173
177, 173
178, 173
179, 173
173, 174
175, 174
176, 174
174, 175
174, 176
173, 177
173, 178
173, 179
91, 180
181, 180
188, 180
180, 181
182, 181
185, 181
181, 182
183, 182
184, 182
182, 183
182, 184
181, 185
186, 185
187, 185
185, 186
185, 187
180, 188
189, 188
188, 189
190, 189
189, 190
191, 190
194, 190
195, 190
190, 191
192, 191
193, 191
191, 192
191, 193
190, 194
190, 195
91, 196
197, 196
196, 197
198, 197
201, 197
197, 198
199, 198
200, 198
198, 199
198, 200
197, 201
91, 202
203, 202
202, 203
5, 204
205, 204
204, 205
206, 205
211, 205
205, 206
207, 206
210, 206
206, 207
208, 207
209, 207
207, 208
207, 209
206, 210
205, 211
213, 212
212, 213
214, 213
218, 213
213, 214
215, 214
214, 215
216, 215
217, 215
215, 216
215, 217
213, 218
219, 218
218, 219
220, 219
219, 220
221, 220
224, 220
220, 221
222, 221
223, 221
221, 222
221, 223
220, 224
225, 224
226, 224
224, 225
224, 226
227, 226
248, 226
263, 226
335, 226
338, 226
412, 226
424, 226
428, 226
431, 226
442, 226
450, 226
457, 226
469, 226
475, 226
226, 227
228, 227
227, 228
229, 228
228, 229
230, 229
229, 230
231, 230
230, 231
232, 231
235, 231
239, 231
231, 232
233, 232
234, 232
232, 233
232, 234
231, 235
236, 235
235, 236
237, 236
236, 237
238, 237
237, 238
231, 239
240, 239
243, 239
239, 240
241, 240
242, 240
240, 241
240, 242
239, 243
244, 243
243, 244
245, 244
244, 245
246, 245
247, 245
245, 246
245, 247
226, 248
249, 248
248, 249
250, 249
249, 250
251, 250
252, 250
250, 251
250, 252
253, 252
252, 253
254, 253
253, 254
255, 254
262, 254
254, 255
256, 255
259, 255
255, 256
257, 256
258, 256
256, 257
256, 258
255, 259
260, 259
261, 259
259, 260
259, 261
254, 262
226, 263
264, 263
263, 264
265, 264
264, 265
266, 265
267, 265
265, 266
265, 267
268, 267
267, 268
269, 268
268, 269
270, 269
334, 269
269, 270
271, 270
272, 270
270, 271
270, 272
273, 272
276, 272
277, 272
272, 273
274, 273
275, 273
273, 274
273, 275
272, 276
272, 277
278, 277
279, 277
277, 278
277, 279
280, 279
279, 280
281, 280
282, 280
287, 280
292, 280
297, 280
302, 280
307, 280
312, 280
317, 280
280, 281
280, 282
283, 282
284, 282
282, 283
282, 284
285, 284
284, 285
286, 285
285, 286
280, 287
288, 287
289, 287
287, 288
287, 289
290, 289
289, 290
291, 290
290, 291
280, 292
293, 292
294, 292
292, 293
292, 294
295, 294
294, 295
296, 295
295, 296
280, 297
298, 297
299, 297
297, 298
297, 299
300, 299
299, 300
301, 300
300, 301
280, 302
303, 302
304, 302
302, 303
302, 304
305, 304
304, 305
306, 305
305, 306
280, 307
308, 307
309, 307
307, 308
307, 309
310, 309
309, 310
311, 310
310, 311
280, 312
313, 312
314, 312
312, 313
312, 314
315, 314
314, 315
316, 315
315, 316
280, 317
318, 317
319, 317
317, 318
317, 319
320, 319
319, 320
321, 320
320, 321
322, 321
323, 321
321, 322
321, 323
324, 323
325, 323
323, 324
323, 325
326, 325
333, 325
325, 326
327, 326
332, 326
326, 327
328, 327
331, 327
327, 328
329, 328
330, 328
328, 329
328, 330
327, 331
326, 332
325, 333
269, 334
226, 335
336, 335
335, 336
337, 336
336, 337
226, 338
339, 338
341, 338
344, 338
338, 339
340, 339
339, 340
338, 341
342, 341
343, 341
341, 342
341, 343
338, 344
345, 344
352, 344
355, 344
360, 344
394, 344
344, 345
346, 345
345, 346
347, 346
346, 347
348, 347
351, 347
347, 348
349, 348
350, 348
348, 349
348, 350
347, 351
344, 352
353, 352
352, 353
354, 353
353, 354
344, 355
356, 355
355, 356
357, 356
356, 357
358, 357
359, 357
357, 358
357, 359
344, 360
361, 360
364, 360
367, 360
369, 360
360, 361
362, 361
361, 362
363, 362
362, 363
360, 364
365, 364
366, 364
364, 365
364, 366
360, 367
368, 367
367, 368
360, 369
370, 369
375, 369
388, 369
369, 370
371, 370
370, 371
372, 371
371, 372
373, 372
374, 372
372, 373
372, 374
369, 375
376, 375
383, 375
375, 376
377, 376
380, 376
376, 377
378, 377
379, 377
377, 378
377, 379
376, 380
381, 380
382, 380
380, 381
380, 382
375, 383
384, 383
383, 384
385, 384
384, 385
386, 385
387, 385
385, 386
385, 387
369, 388
389, 388
388, 389
390, 389
393, 389
389, 390
391, 390
392, 390
390, 391
390, 392
389, 393
344, 394
395, 394
394, 395
396, 395
399, 395
395, 396
397, 396
398, 396
396, 397
396, 398
395, 399
400, 399
411, 399
399, 400
401, 400
406, 400
400, 401
402, 401
405, 401
401, 402
403, 402
404, 402
402, 403
402, 404
401, 405
400, 406
407, 406
410, 406
406, 407
408, 407
409, 407
407, 408
407, 409
406, 410
399, 411
226, 412
413, 412
412, 413
414, 413
415, 413
413, 414
413, 415
416, 415
423, 415
415, 416
417, 416
418, 416
416, 417
416, 418
419, 418
422, 418
418, 419
420, 419
421, 419
419, 420
419, 421
418, 422
415, 423
226, 424
425, 424
424, 425
426, 425
425, 426
427, 426
426, 427
226, 428
429, 428
428, 429
430, 429
429, 430
226, 431
432, 431
433, 431
431, 432
431, 433
434, 433
433, 434
435, 434
434, 435
436, 435
437, 435
435, 436
435, 437
438, 437
439, 437
437, 438
437, 439
440, 439
441, 439
439, 440
439, 441
226, 442
443, 442
442, 443
444, 443
447, 443
448, 443
449, 443
443, 444
445, 444
446, 444
444, 445
444, 446
443, 447
443, 448
443, 449
226, 450
451, 450
450, 451
452, 451
455, 451
456, 451
451, 452
453, 452
454, 452
452, 453
452, 454
451, 455
451, 456
226, 457
458, 457
457, 458
459, 458
462, 458
463, 458
458, 459
460, 459
461, 459
459, 460
459, 461
458, 462
458, 463
464, 463
463, 464
465, 464
468, 464
464, 465
466, 465
467, 465
465, 466
465, 467
464, 468
226, 469
470, 469
469, 470
471, 470
474, 470
470, 471
472, 471
473, 471
471, 472
471, 473
470, 474
226, 475
476, 475
493, 475
498, 475
475, 476
477, 476
488, 476
476, 477
478, 477
483, 477
477, 478
479, 478
482, 478
478, 479
480, 479
481, 479
479, 480
479, 481
478, 482
477, 483
484, 483
487, 483
483, 484
485, 484
486, 484
484, 485
484, 486
483, 487
476, 488
489, 488
492, 488
488, 489
490, 489
491, 489
489, 490
489, 491
488, 492
475, 493
494, 493
493, 494
495, 494
494, 495
496, 495
497, 495
495, 496
495, 497
475, 498
499, 498
498, 499
500, 499
499, 500
501, 500
502, 500
500, 501
500, 502
504, 503
503, 504
505, 504
504, 505
506, 505
509, 505
505, 506
507, 506
508, 506
506, 507
506, 508
505, 509
510, 509
509, 510
511, 510
510, 511
512, 511
530, 511
767, 511
511, 512
513, 512
520, 512
522, 512
529, 512
512, 513
514, 513
513, 514
515, 514
519, 514
514, 515
516, 515
518, 515
515, 516
517, 516
516, 517
515, 518
514, 519
512, 520
521, 520
520, 521
512, 522
523, 522
522, 523
524, 523
523, 524
525, 524
526, 524
524, 525
524, 526
527, 526
528, 526
526, 527
526, 528
512, 529
511, 530
531, 530
530, 531
532, 531
533, 531
531, 532
531, 533
534, 533
692, 533
533, 534
535, 534
534, 535
536, 535
537, 535
538, 535
539, 535
535, 536
535, 537
535, 538
535, 539
540, 539
562, 539
568, 539
576, 539
585, 539
595, 539
602, 539
634, 539
661, 539
688, 539
539, 540
541, 540
542, 540
543, 540
544, 540
545, 540
546, 540
547, 540
549, 540
550, 540
540, 541
540, 542
540, 543
540, 544
540, 545
540, 546
540, 547
548, 547
547, 548
540, 549
540, 550
551, 550
550, 551
552, 551
560, 551
561, 551
551, 552
553, 552
557, 552
552, 553
554, 553
556, 553
553, 554
555, 554
554, 555
553, 556
552, 557
558, 557
559, 557
557, 558
557, 559
551, 560
551, 561
539, 562
563, 562
562, 563
564, 563
565, 563
563, 564
563, 565
566, 565
567, 565
565, 566
565, 567
539, 568
569, 568
568, 569
570, 569
571, 569
569, 570
569, 571
572, 571
573, 571
571, 572
571, 573
574, 573
575, 573
573, 574
573, 575
539, 576
577, 576
576, 577
578, 577
579, 577
577, 578
577, 579
580, 579
584, 579
579, 580
581, 580
580, 581
582, 581
583, 581
581, 582
581, 583
579, 584
539, 585
586, 585
585, 586
587, 586
588, 586
586, 587
586, 588
589, 588
592, 588
593, 588
594, 588
588, 589
590, 589
591, 589
589, 590
589, 591
588, 592
588, 593
588, 594
539, 595
596, 595
595, 596
597, 596
598, 596
599, 596
600, 596
601, 596
596, 597
596, 598
596, 599
596, 600
596, 601
539, 602
603, 602
608, 602
602, 603
604, 603
605, 603
603, 604
603, 605
606, 605
607, 605
605, 606
605, 607
602, 608
609, 608
617, 608
608, 609
610, 609
609, 610
611, 610
612, 610
610, 611
610, 612
613, 612
614, 612
612, 613
612, 614
615, 614
616, 614
614, 615
614, 616
608, 617
618, 617
617, 618
619, 618
620, 618
618, 619
618, 620
621, 620
624, 620
625, 620
626, 620
627, 620
628, 620
629, 620
620, 621
622, 621
623, 621
621, 622
621, 623
620, 624
620, 625
620, 626
620, 627
620, 628
620, 629
630, 629
633, 629
629, 630
631, 630
632, 630
630, 631
630, 632
629, 633
539, 634
635, 634
647, 634
660, 634
634, 635
636, 635
635, 636
637, 636
636, 637
638, 637
639, 637
637, 638
637, 639
640, 639
643, 639
644, 639
645, 639
646, 639
639, 640
641, 640
642, 640
640, 641
640, 642
639, 643
639, 644
639, 645
639, 646
634, 647
648, 647
649, 647
647, 648
647, 649
650, 649
649, 650
651, 650
650, 651
652, 651
653, 651
651, 652
651, 653
654, 653
657, 653
653, 654
655, 654
656, 654
654, 655
654, 656
653, 657
658, 657
659, 657
657, 658
657, 659
634, 660
539, 661
662, 661
671, 661
661, 662
663, 662
664, 662
662, 663
662, 664
665, 664
670, 664
664, 665
666, 665
669, 665
665, 666
667, 666
668, 666
666, 667
666, 668
665, 669
664, 670
661, 671
672, 671
680, 671
671, 672
673, 672
672, 673
674, 673
679, 673
673, 674
675, 674
678, 674
674, 675
676, 675
677, 675
675, 676
675, 677
674, 678
673, 679
671, 680
681, 680
680, 681
682, 681
685, 681
681, 682
683, 682
684, 682
682, 683
682, 684
681, 685
686, 685
687, 685
685, 686
685, 687
539, 688
689, 688
688, 689
690, 689
691, 689
689, 690
689, 691
533, 692
693, 692
692, 693
694, 693
695, 693
693, 694
693, 695
696, 695
706, 695
711, 695
765, 695
695, 696
697, 696
696, 697
698, 697
699, 697
697, 698
697, 699
700, 699
701, 699
699, 700
699, 701
702, 701
703, 701
701, 702
701, 703
704, 703
705, 703
703, 704
703, 705
695, 706
707, 706
708, 706
709, 706
706, 707
706, 708
706, 709
710, 709
709, 710
695, 711
712, 711
713, 711
714, 711
711, 712
711, 713
711, 714
715, 714
714, 715
716, 715
719, 715
715, 716
717, 716
718, 716
716, 717
716, 718
715, 719
720, 719
726, 719
719, 720
721, 720
720, 721
722, 721
725, 721
721, 722
723, 722
724, 722
722, 723
722, 724
721, 725
719, 726
727, 726
730, 726
737, 726
739, 726
726, 727
728, 727
729, 727
727, 728
727, 729
726, 730
731, 730
732, 730
730, 731
730, 732
733, 732
736, 732
732, 733
734, 733
735, 733
733, 734
733, 735
732, 736
726, 737
738, 737
737, 738
726, 739
740, 739
739, 740
741, 740
740, 741
742, 741
747, 741
741, 742
743, 742
746, 742
742, 743
744, 743
745, 743
743, 744
743, 745
742, 746
741, 747
748, 747
751, 747
758, 747
747, 748
749, 748
750, 748
748, 749
748, 750
747, 751
752, 751
757, 751
751, 752
753, 752
756, 752
752, 753
754, 753
755, 753
753, 754
753, 755
752, 756
751, 757
747, 758
759, 758
764, 758
758, 759
760, 759
763, 759
759, 760
761, 760
762, 760
760, 761
760, 762
759, 763
758, 764
695, 765
766, 765
765, 766
511, 767
768, 767
767, 768
770, 769
769, 770
771, 770
770, 771
772, 771
992, 771
995, 771
771, 772
773, 772
774, 772
775, 772
772, 773
772, 774
772, 775
776, 775
778, 775
787, 775
775, 776
777, 776
776, 777
775, 778
779, 778
778, 779
780, 779
779, 780
781, 780
784, 780
785, 780
780, 781
782, 781
783, 781
781, 782
781, 783
780, 784
780, 785
786, 785
785, 786
775, 787
788, 787
787, 788
789, 788
792, 788
793, 788
788, 789
790, 789
791, 789
789, 790
789, 791
788, 792
788, 793
794, 793
795, 793
793, 794
793, 795
796, 795
797, 795
795, 796
795, 797
798, 797
801, 797
797, 798
799, 798
798, 799
800, 799
799, 800
797, 801
802, 801
801, 802
803, 802
804, 802
805, 802
802, 803
802, 804
802, 805
806, 805
813, 805
910, 805
986, 805
805, 806
807, 806
806, 807
808, 807
807, 808
809, 808
811, 808
808, 809
810, 809
809, 810
808, 811
812, 811
811, 812
805, 813
814, 813
813, 814
815, 814
818, 814
826, 814
814, 815
816, 815
817, 815
815, 816
815, 817
814, 818
819, 818
823, 818
825, 818
818, 819
820, 819
822, 819
819, 820
821, 820
820, 821
819, 822
818, 823
824, 823
823, 824
818, 825
814, 826
827, 826
828, 826
826, 827
826, 828
829, 828
833, 828
849, 828
883, 828
896, 828
904, 828
828, 829
830, 829
831, 829
829, 830
829, 831
832, 831
831, 832
828, 833
834, 833
840, 833
833, 834
835, 834
834, 835
836, 835
839, 835
835, 836
837, 836
838, 836
836, 837
836, 838
835, 839
833, 840
841, 840
840, 841
842, 841
841, 842
843, 842
844, 842
842, 843
842, 844
845, 844
848, 844
844, 845
846, 845
847, 845
845, 846
845, 847
844, 848
828, 849
850, 849
855, 849
860, 849
849, 850
851, 850
854, 850
850, 851
852, 851
853, 851
851, 852
851, 853
850, 854
849, 855
856, 855
855, 856
857, 856
856, 857
858, 857
859, 857
857, 858
857, 859
849, 860
861, 860
866, 860
878, 860
860, 861
862, 861
865, 861
861, 862
863, 862
864, 862
862, 863
862, 864
861, 865
860, 866
867, 866
871, 866
866, 867
868, 867
867, 868
869, 868
870, 868
868, 869
868, 870
866, 871
872, 871
871, 872
873, 872
874, 872
872, 873
872, 874
875, 874
876, 874
877, 874
874, 875
874, 876
874, 877
860, 878
879, 878
878, 879
880, 879
879, 880
881, 880
882, 880
880, 881
880, 882
828, 883
884, 883
894, 883
883, 884
885, 884
892, 884
884, 885
886, 885
891, 885
885, 886
887, 886
890, 886
886, 887
888, 887
889, 887
887, 888
887, 889
886, 890
885, 891
884, 892
893, 892
892, 893
883, 894
895, 894
894, 895
828, 896
897, 896
896, 897
898, 897
903, 897
897, 898
899, 898
902, 898
898, 899
900, 899
901, 899
899, 900
899, 901
898, 902
897, 903
828, 904
905, 904
904, 905
906, 905
909, 905
905, 906
907, 906
908, 906
906, 907
906, 908
905, 909
805, 910
911, 910
910, 911
912, 911
915, 911
916, 911
911, 912
913, 912
914, 912
912, 913
912, 914
911, 915
911, 916
917, 916
918, 916
919, 916
916, 917
916, 918
916, 919
920, 919
927, 919
919, 920
921, 920
925, 920
920, 921
922, 921
921, 922
923, 922
924, 922
922, 923
922, 924
920, 925
926, 925
925, 926
919, 927
928, 927
929, 927
955, 927
927, 928
927, 929
930, 929
931, 929
929, 930
929, 931
932, 931
945, 931
954, 931
931, 932
933, 932
934, 932
932, 933
932, 934
935, 934
941, 934
934, 935
936, 935
935, 936
937, 936
940, 936
936, 937
938, 937
939, 937
937, 938
937, 939
936, 940
934, 941
942, 941
941, 942
943, 942
944, 942
942, 943
942, 944
931, 945
946, 945
945, 946
947, 946
952, 946
953, 946
946, 947
948, 947
951, 947
947, 948
949, 948
950, 948
948, 949
948, 950
947, 951
946, 952
946, 953
931, 954
927, 955
956, 955
957, 955
955, 956
955, 957
958, 957
985, 957
957, 958
959, 958
958, 959
960, 959
963, 959
964, 959
959, 960
961, 960
962, 960
960, 961
960, 962
959, 963
959, 964
965, 964
966, 964
964, 965
964, 966
967, 966
966, 967
968, 967
967, 968
969, 968
976, 968
968, 969
970, 969
975, 969
969, 970
971, 970
974, 970
970, 971
972, 971
973, 971
971, 972
971, 973
970, 974
969, 975
968, 976
977, 976
980, 976
976, 977
978, 977
979, 977
977, 978
977, 979
976, 980
981, 980
984, 980
980, 981
982, 981
983, 981
981, 982
981, 983
980, 984
957, 985
805, 986
987, 986
988, 986
986, 987
986, 988
989, 988
988, 989
990, 989
989, 990
991, 990
990, 991
771, 992
993, 992
994, 992
992, 993
992, 994
771, 995
996, 995
997, 995
995, 996
995, 997
999, 998
1053, 998
998, 999
1000, 999
1001, 999
1002, 999
999, 1000
999, 1001
999, 1002
1003, 1002
1002, 1003
1004, 1003
1003, 1004
1005, 1004
1006, 1004
1004, 1005
1004, 1006
1007, 1006
1006, 1007
1008, 1007
1007, 1008
1009, 1008
1008, 1009
1010, 1009
1013, 1009
1014, 1009
1009, 1010
1011, 1010
1012, 1010
1010, 1011
1010, 1012
1009, 1013
1009, 1014
1015, 1014
1033, 1014
1014, 1015
1016, 1015
1032, 1015
1015, 1016
1017, 1016
1031, 1016
1016, 1017
1018, 1017
1030, 1017
1017, 1018
1019, 1018
1029, 1018
1018, 1019
1020, 1019
1028, 1019
1019, 1020
1021, 1020
1027, 1020
1020, 1021
1022, 1021
1026, 1021
1021, 1022
1023, 1022
1022, 1023
1024, 1023
1025, 1023
1023, 1024
1023, 1025
1021, 1026
1020, 1027
1019, 1028
1018, 1029
1017, 1030
1016, 1031
1015, 1032
1014, 1033
1034, 1033
1035, 1033
1033, 1034
1033, 1035
1036, 1035
1049, 1035
1035, 1036
1037, 1036
1043, 1036
1036, 1037
1038, 1037
1037, 1038
1039, 1038
1042, 1038
1038, 1039
1040, 1039
1041, 1039
1039, 1040
1039, 1041
1038, 1042
1036, 1043
1044, 1043
1043, 1044
1045, 1044
1048, 1044
1044, 1045
1046, 1045
1047, 1045
1045, 1046
1045, 1047
1044, 1048
1035, 1049
1050, 1049
1049, 1050
1051, 1050
1052, 1050
1050, 1051
1050, 1052
998, 1053
1054, 1053
1053, 1054
1055, 1054
1054, 1055
1056, 1055
1055, 1056
1057, 1056
1084, 1056
1091, 1056
1132, 1056
1135, 1056
1056, 1057
1058, 1057
1074, 1057
1083, 1057
1057, 1058
1059, 1058
1058, 1059
1060, 1059
1059, 1060
1061, 1060
1064, 1060
1060, 1061
1062, 1061
1063, 1061
1061, 1062
1061, 1063
1060, 1064
1065, 1064
1068, 1064
1064, 1065
1066, 1065
1067, 1065
1065, 1066
1065, 1067
1064, 1068
1069, 1068
1068, 1069
1070, 1069
1073, 1069
1069, 1070
1071, 1070
1072, 1070
1070, 1071
1070, 1072
1069, 1073
1057, 1074
1075, 1074
1076, 1074
1074, 1075
1074, 1076
1077, 1076
1076, 1077
1078, 1077
1077, 1078
1079, 1078
1082, 1078
1078, 1079
1080, 1079
1081, 1079
1079, 1080
1079, 1081
1078, 1082
1057, 1083
1056, 1084
1085, 1084
1084, 1085
1086, 1085
1085, 1086
1087, 1086
1090, 1086
1086, 1087
1088, 1087
1089, 1087
1087, 1088
1087, 1089
1086, 1090
1056, 1091
1092, 1091
1097, 1091
1099, 1091
1100, 1091
1091, 1092
1093, 1092
1092, 1093
1094, 1093
1093, 1094
1095, 1094
1096, 1094
1094, 1095
1094, 1096
1091, 1097
1098, 1097
1097, 1098
1091, 1099
1091, 1100
1101, 1100
1109, 1100
1120, 1100
1100, 1101
1102, 1101
1108, 1101
1101, 1102
1103, 1102
1102, 1103
1104, 1103
1107, 1103
1103, 1104
1105, 1104
1106, 1104
1104, 1105
1104, 1106
1103, 1107
1101, 1108
1100, 1109
1110, 1109
1109, 1110
1111, 1110
1110, 1111
1112, 1111
1119, 1111
1111, 1112
1113, 1112
1118, 1112
1112, 1113
1114, 1113
1117, 1113
1113, 1114
1115, 1114
1116, 1114
1114, 1115
1114, 1116
1113, 1117
1112, 1118
1111, 1119
1100, 1120
1121, 1120
1122, 1120
1120, 1121
1120, 1122
1123, 1122
1131, 1122
1122, 1123
1124, 1123
1123, 1124
1125, 1124
1128, 1124
1124, 1125
1126, 1125
1127, 1125
1125, 1126
1125, 1127
1124, 1128
1129, 1128
1130, 1128
1128, 1129
1128, 1130
1122, 1131
1056, 1132
1133, 1132
1132, 1133
1134, 1133
1133, 1134
1056, 1135
1136, 1135
1135, 1136
1137, 1136
1140, 1136
1136, 1137
1138, 1137
1139, 1137
1137, 1138
1137, 1139
1136, 1140
1141, 1140
1142, 1140
1143, 1140
1144, 1140
1145, 1140
1146, 1140
1140, 1141
1140, 1142
1140, 1143
1140, 1144
1140, 1145
1140, 1146
1147, 1146
1160, 1146
1146, 1147
1148, 1147
1152, 1147
1147, 1148
1149, 1148
1151, 1148
1148, 1149
1150, 1149
1149, 1150
1148, 1151
1147, 1152
1153, 1152
1159, 1152
1152, 1153
1154, 1153
1153, 1154
1155, 1154
1158, 1154
1154, 1155
1156, 1155
1157, 1155
1155, 1156
1155, 1157
1154, 1158
1152, 1159
1146, 1160
1161, 1160
1160, 1161
1162, 1161
1165, 1161
1166, 1161
1161, 1162
1163, 1162
1164, 1162
1162, 1163
1162, 1164
1161, 1165
1161, 1166
1167, 1166
1178, 1166
1182, 1166
1184, 1166
1186, 1166
1188, 1166
1190, 1166
1166, 1167
1168, 1167
1167, 1168
1169, 1168
1172, 1168
1177, 1168
1168, 1169
1170, 1169
1171, 1169
1169, 1170
1169, 1171
1168, 1172
1173, 1172
1176, 1172
1172, 1173
1174, 1173
1175, 1173
1173, 1174
1173, 1175
1172, 1176
1168, 1177
1166, 1178
1179, 1178
1178, 1179
1180, 1179
1181, 1179
1179, 1180
1179, 1181
1166, 1182
1183, 1182
1182, 1183
1166, 1184
1185, 1184
1184, 1185
1166, 1186
1187, 1186
1186, 1187
1166, 1188
1189, 1188
1188, 1189
1166, 1190
1191, 1190
1190, 1191
1193, 1192
1195, 1192
1212, 1192
1218, 1192
1221, 1192
1294, 1192
1296, 1192
1314, 1192
1324, 1192
1365, 1192
1472, 1192
1192, 1193
1194, 1193
1193, 1194
1192, 1195
1196, 1195
1200, 1195
1204, 1195
1208, 1195
1195, 1196
1197, 1196
1196, 1197
1198, 1197
1199, 1197
1197, 1198
1197, 1199
1195, 1200
1201, 1200
1200, 1201
1202, 1201
1203, 1201
1201, 1202
1201, 1203
1195, 1204
1205, 1204
1204, 1205
1206, 1205
1207, 1205
1205, 1206
1205, 1207
1195, 1208
1209, 1208
1208, 1209
1210, 1209
1211, 1209
1209, 1210
1209, 1211
1192, 1212
1213, 1212
1212, 1213
1214, 1213
1215, 1213
1213, 1214
1213, 1215
1216, 1215
1217, 1215
1215, 1216
1215, 1217
1192, 1218
1219, 1218
1218, 1219
1220, 1219
1219, 1220
1192, 1221
1222, 1221
1223, 1221
1224, 1221
1221, 1222
1221, 1223
1221, 1224
1225, 1224
1228, 1224
1245, 1224
1287, 1224
1224, 1225
1226, 1225
1225, 1226
1227, 1226
1226, 1227
1224, 1228
1229, 1228
1230, 1228
1231, 1228
1228, 1229
1228, 1230
1228, 1231
1232, 1231
1231, 1232
1233, 1232
1232, 1233
1234, 1233
1240, 1233
1233, 1234
1235, 1234
1239, 1234
1234, 1235
1236, 1235
1235, 1236
1237, 1236
1238, 1236
1236, 1237
1236, 1238
1234, 1239
1233, 1240
1241, 1240
1244, 1240
1240, 1241
1242, 1241
1243, 1241
1241, 1242
1241, 1243
1240, 1244
1224, 1245
1246, 1245
1247, 1245
1245, 1246
1245, 1247
1248, 1247
1247, 1248
1249, 1248
1267, 1248
1286, 1248
1248, 1249
1250, 1249
1249, 1250
1251, 1250
1250, 1251
1252, 1251
1253, 1251
1251, 1252
1251, 1253
1254, 1253
1266, 1253
1253, 1254
1255, 1254
1265, 1254
1254, 1255
1256, 1255
1264, 1255
1255, 1256
1257, 1256
1263, 1256
1256, 1257
1258, 1257
1261, 1257
1262, 1257
1257, 1258
1259, 1258
1260, 1258
1258, 1259
1258, 1260
1257, 1261
1257, 1262
1256, 1263
1255, 1264
1254, 1265
1253, 1266
1248, 1267
1268, 1267
1269, 1267
1267, 1268
1267, 1269
1270, 1269
1284, 1269
1269, 1270
1271, 1270
1270, 1271
1272, 1271
1275, 1271
1271, 1272
1273, 1272
1274, 1272
1272, 1273
1272, 1274
1271, 1275
1276, 1275
1281, 1275
1275, 1276
1277, 1276
1280, 1276
1276, 1277
1278, 1277
1279, 1277
1277, 1278
1277, 1279
1276, 1280
1275, 1281
1282, 1281
1283, 1281
1281, 1282
1281, 1283
1269, 1284
1285, 1284
1284, 1285
1248, 1286
1224, 1287
1288, 1287
1287, 1288
1289, 1288
1293, 1288
1288, 1289
1290, 1289
1292, 1289
1289, 1290
1291, 1290
1290, 1291
1289, 1292
1288, 1293
1192, 1294
1295, 1294
1294, 1295
1192, 1296
1297, 1296
1298, 1296
1296, 1297
1296, 1298
1299, 1298
1309, 1298
1298, 1299
1300, 1299
1302, 1299
1299, 1300
1301, 1300
1300, 1301
1299, 1302
1303, 1302
1302, 1303
1304, 1303
1303, 1304
1305, 1304
1306, 1304
1304, 1305
1304, 1306
1307, 1306
1308, 1306
1306, 1307
1306, 1308
1298, 1309
1310, 1309
1309, 1310
1311, 1310
1310, 1311
1312, 1311
1313, 1311
1311, 1312
1311, 1313
1192, 1314
1315, 1314
1316, 1314
1317, 1314
1314, 1315
1314, 1316
1314, 1317
1318, 1317
1317, 1318
1319, 1318
1318, 1319
1320, 1319
1323, 1319
1319, 1320
1321, 1320
1322, 1320
1320, 1321
1320, 1322
1319, 1323
1192, 1324
1325, 1324
1324, 1325
1326, 1325
1329, 1325
1325, 1326
1327, 1326
1328, 1326
1326, 1327
1326, 1328
1325, 1329
1330, 1329
1331, 1329
1329, 1330
1329, 1331
1332, 1331
1334, 1331
1340, 1331
1361, 1331
1331, 1332
1333, 1332
1332, 1333
1331, 1334
1335, 1334
1334, 1335
1336, 1335
1337, 1335
1335, 1336
1335, 1337
1338, 1337
1339, 1337
1337, 1338
1337, 1339
1331, 1340
1341, 1340
1344, 1340
1356, 1340
1340, 1341
1342, 1341
1343, 1341
1341, 1342
1341, 1343
1340, 1344
1345, 1344
1344, 1345
1346, 1345
1345, 1346
1347, 1346
1348, 1346
1346, 1347
1346, 1348
1349, 1348
1350, 1348
1348, 1349
1348, 1350
1351, 1350
1354, 1350
1350, 1351
1352, 1351
1353, 1351
1351, 1352
1351, 1353
1350, 1354
1355, 1354
1354, 1355
1340, 1356
1357, 1356
1356, 1357
1358, 1357
1357, 1358
1359, 1358
1360, 1358
1358, 1359
1358, 1360
1331, 1361
1362, 1361
1361, 1362
1363, 1362
1364, 1362
1362, 1363
1362, 1364
1192, 1365
1366, 1365
1365, 1366
1367, 1366
1372, 1366
1366, 1367
1368, 1367
1371, 1367
1367, 1368
1369, 1368
1370, 1368
1368, 1369
1368, 1370
1367, 1371
1366, 1372
1373, 1372
1374, 1372
1372, 1373
1372, 1374
1375, 1374
1386, 1374
1395, 1374
1404, 1374
1374, 1375
1376, 1375
1381, 1375
1375, 1376
1377, 1376
1380, 1376
1376, 1377
1378, 1377
1379, 1377
1377, 1378
1377, 1379
1376, 1380
1375, 1381
1382, 1381
1381, 1382
1383, 1382
1382, 1383
1384, 1383
1385, 1383
1383, 1384
1383, 1385
1374, 1386
1387, 1386
1386, 1387
1388, 1387
1389, 1387
1387, 1388
1387, 1389
1390, 1389
1393, 1389
1394, 1389
1389, 1390
1391, 1390
1392, 1390
1390, 1391
1390, 1392
1389, 1393
1389, 1394
1374, 1395
1396, 1395
1395, 1396
1397, 1396
1398, 1396
1396, 1397
1396, 1398
1399, 1398
1402, 1398
1403, 1398
1398, 1399
1400, 1399
1401, 1399
1399, 1400
1399, 1401
1398, 1402
1398, 1403
1374, 1404
1405, 1404
1404, 1405
1406, 1405
1411, 1405
1471, 1405
1405, 1406
1407, 1406
1410, 1406
1406, 1407
1408, 1407
1409, 1407
1407, 1408
1407, 1409
1406, 1410
1405, 1411
1412, 1411
1413, 1411
1414, 1411
1411, 1412
1411, 1413
1411, 1414
1415, 1414
1423, 1414
1434, 1414
1451, 1414
1465, 1414
1414, 1415
1416, 1415
1422, 1415
1415, 1416
1417, 1416
1416, 1417
1418, 1417
1421, 1417
1417, 1418
1419, 1418
1420, 1418
1418, 1419
1418, 1420
1417, 1421
1415, 1422
1414, 1423
1424, 1423
1425, 1423
1423, 1424
1423, 1425
1426, 1425
1425, 1426
1427, 1426
1426, 1427
1428, 1427
1429, 1427
1427, 1428
1427, 1429
1430, 1429
1433, 1429
1429, 1430
1431, 1430
1432, 1430
1430, 1431
1430, 1432
1429, 1433
1414, 1434
1435, 1434
1442, 1434
1434, 1435
1436, 1435
1441, 1435
1435, 1436
1437, 1436
1440, 1436
1436, 1437
1438, 1437
1439, 1437
1437, 1438
1437, 1439
1436, 1440
1435, 1441
1434, 1442
1443, 1442
1442, 1443
1444, 1443
1443, 1444
1445, 1444
1446, 1444
1444, 1445
1444, 1446
1447, 1446
1450, 1446
1446, 1447
1448, 1447
1449, 1447
1447, 1448
1447, 1449
1446, 1450
1414, 1451
1452, 1451
1451, 1452
1453, 1452
1454, 1452
1452, 1453
1452, 1454
1455, 1454
1459, 1454
1454, 1455
1456, 1455
1457, 1455
1458, 1455
1455, 1456
1455, 1457
1455, 1458
1454, 1459
1460, 1459
1461, 1459
1462, 1459
1459, 1460
1459, 1461
1459, 1462
1463, 1462
1464, 1462
1462, 1463
1462, 1464
1414, 1465
1466, 1465
1465, 1466
1467, 1466
1468, 1466
1470, 1466
1466, 1467
1466, 1468
1469, 1468
1468, 1469
1466, 1470
1405, 1471
1192, 1472
1473, 1472
1472, 1473
1474, 1473
1477, 1473
1473, 1474
1475, 1474
1476, 1474
1474, 1475
1474, 1476
1473, 1477
1479, 1478
1481, 1478
1497, 1478
1501, 1478
1507, 1478
1510, 1478
1648, 1478
1663, 1478
1671, 1478
1691, 1478
1693, 1478
1704, 1478
1478, 1479
1480, 1479
1479, 1480
1478, 1481
1482, 1481
1487, 1481
1491, 1481
1495, 1481
1481, 1482
1483, 1482
1482, 1483
1484, 1483
1483, 1484
1485, 1484
1486, 1484
1484, 1485
1484, 1486
1481, 1487
1488, 1487
1487, 1488
1489, 1488
1490, 1488
1488, 1489
1488, 1490
1481, 1491
1492, 1491
1491, 1492
1493, 1492
1494, 1492
1492, 1493
1492, 1494
1481, 1495
1496, 1495
1495, 1496
1478, 1497
1498, 1497
1497, 1498
1499, 1498
1500, 1498
1498, 1499
1498, 1500
1478, 1501
1502, 1501
1501, 1502
1503, 1502
1506, 1502
1502, 1503
1504, 1503
1505, 1503
1503, 1504
1503, 1505
1502, 1506
1478, 1507
1508, 1507
1509, 1507
1507, 1508
1507, 1509
1478, 1510
1511, 1510
1510, 1511
1512, 1511
1515, 1511
1511, 1512
1513, 1512
1514, 1512
1512, 1513
1512, 1514
1511, 1515
1516, 1515
1518, 1515
1524, 1515
1526, 1515
1534, 1515
1541, 1515
1545, 1515
1646, 1515
1515, 1516
1517, 1516
1516, 1517
1515, 1518
1519, 1518
1518, 1519
1520, 1519
1523, 1519
1519, 1520
1521, 1520
1522, 1520
1520, 1521
1520, 1522
1519, 1523
1515, 1524
1525, 1524
1524, 1525
1515, 1526
1527, 1526
1526, 1527
1528, 1527
1531, 1527
1527, 1528
1529, 1528
1530, 1528
1528, 1529
1528, 1530
1527, 1531
1532, 1531
1533, 1531
1531, 1532
1531, 1533
1515, 1534
1535, 1534
1534, 1535
1536, 1535
1535, 1536
1537, 1536
1539, 1536
1536, 1537
1538, 1537
1537, 1538
1536, 1539
1540, 1539
1539, 1540
1515, 1541
1542, 1541
1541, 1542
1543, 1542
1544, 1542
1542, 1543
1542, 1544
1515, 1545
1546, 1545
1545, 1546
1547, 1546
1548, 1546
1546, 1547
1546, 1548
1549, 1548
1552, 1548
1563, 1548
1580, 1548
1642, 1548
1548, 1549
1550, 1549
1549, 1550
1551, 1550
1550, 1551
1548, 1552
1553, 1552
1552, 1553
1554, 1553
1553, 1554
1555, 1554
1559, 1554
1554, 1555
1556, 1555
1555, 1556
1557, 1556
1558, 1556
1556, 1557
1556, 1558
1554, 1559
1560, 1559
1559, 1560
1561, 1560
1562, 1560
1560, 1561
1560, 1562
1548, 1563
1564, 1563
1569, 1563
1572, 1563
1563, 1564
1565, 1564
1566, 1564
1564, 1565
1564, 1566
1567, 1566
1568, 1566
1566, 1567
1566, 1568
1563, 1569
1570, 1569
1571, 1569
1569, 1570
1569, 1571
1563, 1572
1573, 1572
1574, 1572
1575, 1572
1576, 1572
1572, 1573
1572, 1574
1572, 1575
1572, 1576
1577, 1576
1576, 1577
1578, 1577
1579, 1577
1577, 1578
1577, 1579
1548, 1580
1581, 1580
1583, 1580
1587, 1580
1580, 1581
1582, 1581
1581, 1582
1580, 1583
1584, 1583
1583, 1584
1585, 1584
1586, 1584
1584, 1585
1584, 1586
1580, 1587
1588, 1587
1603, 1587
1641, 1587
1587, 1588
1589, 1588
1598, 1588
1588, 1589
1590, 1589
1589, 1590
1591, 1590
1592, 1590
1590, 1591
1590, 1592
1593, 1592
1596, 1592
1597, 1592
1592, 1593
1594, 1593
1595, 1593
1593, 1594
1593, 1595
1592, 1596
1592, 1597
1588, 1598
1599, 1598
1602, 1598
1598, 1599
1600, 1599
1601, 1599
1599, 1600
1599, 1601
1598, 1602
1587, 1603
1604, 1603
1605, 1603
1603, 1604
1603, 1605
1606, 1605
1622, 1605
1637, 1605
1605, 1606
1607, 1606
1614, 1606
1606, 1607
1608, 1607
1611, 1607
1607, 1608
1609, 1608
1610, 1608
1608, 1609
1608, 1610
1607, 1611
1612, 1611
1613, 1611
1611, 1612
1611, 1613
1606, 1614
1615, 1614
1614, 1615
1616, 1615
1615, 1616
1617, 1616
1620, 1616
1621, 1616
1616, 1617
1618, 1617
1619, 1617
1617, 1618
1617, 1619
1616, 1620
1616, 1621
1605, 1622
1623, 1622
1625, 1622
1622, 1623
1624, 1623
1623, 1624
1622, 1625
1626, 1625
1632, 1625
1625, 1626
1627, 1626
1626, 1627
1628, 1627
1631, 1627
1627, 1628
1629, 1628
1630, 1628
1628, 1629
1628, 1630
1627, 1631
1625, 1632
1633, 1632
1632, 1633
1634, 1633
1635, 1633
1636, 1633
1633, 1634
1633, 1635
1633, 1636
1605, 1637
1638, 1637
1637, 1638
1639, 1638
1640, 1638
1638, 1639
1638, 1640
1587, 1641
1548, 1642
1643, 1642
1642, 1643
1644, 1643
1645, 1643
1643, 1644
1643, 1645
1515, 1646
1647, 1646
1646, 1647
1478, 1648
1649, 1648
1650, 1648
1651, 1648
1652, 1648
1653, 1648
1648, 1649
1648, 1650
1648, 1651
1648, 1652
1648, 1653
1654, 1653
1659, 1653
1661, 1653
1653, 1654
1655, 1654
1658, 1654
1654, 1655
1656, 1655
1657, 1655
1655, 1656
1655, 1657
1654, 1658
1653, 1659
1660, 1659
1659, 1660
1653, 1661
1662, 1661
1661, 1662
1478, 1663
1664, 1663
1663, 1664
1665, 1664
1666, 1664
1664, 1665
1664, 1666
1667, 1666
1670, 1666
1666, 1667
1668, 1667
1669, 1667
1667, 1668
1667, 1669
1666, 1670
1478, 1671
1672, 1671
1673, 1671
1679, 1671
1671, 1672
1671, 1673
1674, 1673
1673, 1674
1675, 1674
1678, 1674
1674, 1675
1676, 1675
1677, 1675
1675, 1676
1675, 1677
1674, 1678
1671, 1679
1680, 1679
1679, 1680
1681, 1680
1684, 1680
1685, 1680
1686, 1680
1687, 1680
1688, 1680
1680, 1681
1682, 1681
1683, 1681
1681, 1682
1681, 1683
1680, 1684
1680, 1685
1680, 1686
1680, 1687
1680, 1688
1689, 1688
1688, 1689
1690, 1689
1689, 1690
1478, 1691
1692, 1691
1691, 1692
1478, 1693
1694, 1693
1693, 1694
1695, 1694
1696, 1694
1694, 1695
1694, 1696
1697, 1696
1698, 1696
1696, 1697
1696, 1698
1699, 1698
1702, 1698
1703, 1698
1698, 1699
1700, 1699
1701, 1699
1699, 1700
1699, 1701
1698, 1702
1698, 1703
1478, 1704
1705, 1704
1704, 1705
1706, 1705
1709, 1705
1705, 1706
1707, 1706
1708, 1706
1706, 1707
1706, 1708
1705, 1709
1710, 1709
1715, 1709
1709, 1710
1711, 1710
1712, 1710
1710, 1711
1710, 1712
1713, 1712
1714, 1712
1712, 1713
1712, 1714
1709, 1715
1716, 1715
1715, 1716
1718, 1717
1717, 1718
1719, 1718
1718, 1719
1720, 1719
1719, 1720
1721, 1720
1720, 1721
1722, 1721
1721, 1722
1723, 1722
1722, 1723
1724, 1723
1727, 1723
1728, 1723
1723, 1724
1725, 1724
1726, 1724
1724, 1725
1724, 1726
1723, 1727
1723, 1728
1729, 1728
1790, 1728
1887, 1728
1903, 1728
1728, 1729
1730, 1729
1729, 1730
1731, 1730
1730, 1731
1732, 1731
1740, 1731
1774, 1731
1731, 1732
1733, 1732
1738, 1732
1732, 1733
1734, 1733
1733, 1734
1735, 1734
1734, 1735
1736, 1735
1737, 1735
1735, 1736
1735, 1737
1732, 1738
1739, 1738
1738, 1739
1731, 1740
1741, 1740
1742, 1740
1754, 1740
1764, 1740
1740, 1741
1740, 1742
1743, 1742
1748, 1742
1742, 1743
1744, 1743
1747, 1743
1743, 1744
1745, 1744
1746, 1744
1744, 1745
1744, 1746
1743, 1747
1742, 1748
1749, 1748
1753, 1748
1748, 1749
1750, 1749
1749, 1750
1751, 1750
1752, 1750
1750, 1751
1750, 1752
1748, 1753
1740, 1754
1755, 1754
1758, 1754
1754, 1755
1756, 1755
1757, 1755
1755, 1756
1755, 1757
1754, 1758
1759, 1758
1763, 1758
1758, 1759
1760, 1759
1759, 1760
1761, 1760
1762, 1760
1760, 1761
1760, 1762
1758, 1763
1740, 1764
1765, 1764
1768, 1764
1764, 1765
1766, 1765
1767, 1765
1765, 1766
1765, 1767
1764, 1768
1769, 1768
1773, 1768
1768, 1769
1770, 1769
1769, 1770
1771, 1770
1772, 1770
1770, 1771
1770, 1772
1768, 1773
1731, 1774
1775, 1774
1778, 1774
1781, 1774
1774, 1775
1776, 1775
1777, 1775
1775, 1776
1775, 1777
1774, 1778
1779, 1778
1778, 1779
1780, 1779
1779, 1780
1774, 1781
1782, 1781
1781, 1782
1783, 1782
1782, 1783
1784, 1783
1787, 1783
1783, 1784
1785, 1784
1786, 1784
1784, 1785
1784, 1786
1783, 1787
1788, 1787
1789, 1787
1787, 1788
1787, 1789
1728, 1790
1791, 1790
1790, 1791
1792, 1791
1793, 1791
1791, 1792
1791, 1793
1794, 1793
1825, 1793
1827, 1793
1830, 1793
1833, 1793
1869, 1793
1793, 1794
1795, 1794
1798, 1794
1805, 1794
1794, 1795
1796, 1795
1797, 1795
1795, 1796
1795, 1797
1794, 1798
1799, 1798
1798, 1799
1800, 1799
1799, 1800
1801, 1800
1804, 1800
1800, 1801
1802, 1801
1803, 1801
1801, 1802
1801, 1803
1800, 1804
1794, 1805
1806, 1805
1809, 1805
1816, 1805
1805, 1806
1807, 1806
1808, 1806
1806, 1807
1806, 1808
1805, 1809
1810, 1809
1809, 1810
1811, 1810
1810, 1811
1812, 1811
1815, 1811
1811, 1812
1813, 1812
1814, 1812
1812, 1813
1812, 1814
1811, 1815
1805, 1816
1817, 1816
1816, 1817
1818, 1817
1817, 1818
1819, 1818
1822, 1818
1818, 1819
1820, 1819
1821, 1819
1819, 1820
1819, 1821
1818, 1822
1823, 1822
1824, 1822
1822, 1823
1822, 1824
1793, 1825
1826, 1825
1825, 1826
1793, 1827
1828, 1827
1827, 1828
1829, 1828
1828, 1829
1793, 1830
1831, 1830
1830, 1831
1832, 1831
1831, 1832
1793, 1833
1834, 1833
1840, 1833
1833, 1834
1835, 1834
1837, 1834
1834, 1835
1836, 1835
1835, 1836
1834, 1837
1838, 1837
1839, 1837
1837, 1838
1837, 1839
1833, 1840
1841, 1840
1848, 1840
1854, 1840
1866, 1840
1840, 1841
1842, 1841
1841, 1842
1843, 1842
1844, 1842
1842, 1843
1842, 1844
1845, 1844
1844, 1845
1846, 1845
1847, 1845
1845, 1846
1845, 1847
1840, 1848
1849, 1848
1848, 1849
1850, 1849
1851, 1849
1849, 1850
1849, 1851
1852, 1851
1853, 1851
1851, 1852
1851, 1853
1840, 1854
1855, 1854
1854, 1855
1856, 1855
1862, 1855
1863, 1855
1865, 1855
1855, 1856
1857, 1856
1861, 1856
1856, 1857
1858, 1857
1857, 1858
1859, 1858
1860, 1858
1858, 1859
1858, 1860
1856, 1861
1855, 1862
1855, 1863
1864, 1863
1863, 1864
1855, 1865
1840, 1866
1867, 1866
1866, 1867
1868, 1867
1867, 1868
1793, 1869
1870, 1869
1871, 1869
1874, 1869
1869, 1870
1869, 1871
1872, 1871
1871, 1872
1873, 1872
1872, 1873
1869, 1874
1875, 1874
1874, 1875
1876, 1875
1875, 1876
1877, 1876
1880, 1876
1876, 1877
1878, 1877
1879, 1877
1877, 1878
1877, 1879
1876, 1880
1881, 1880
1886, 1880
1880, 1881
1882, 1881
1885, 1881
1881, 1882
1883, 1882
1884, 1882
1882, 1883
1882, 1884
1881, 1885
1880, 1886
1728, 1887
1888, 1887
1887, 1888
1889, 1888
1888, 1889
1890, 1889
1901, 1889
1889, 1890
1891, 1890
1890, 1891
1892, 1891
1891, 1892
1893, 1892
1900, 1892
1892, 1893
1894, 1893
1893, 1894
1895, 1894
1899, 1894
1894, 1895
1896, 1895
1895, 1896
1897, 1896
1898, 1896
1896, 1897
1896, 1898
1894, 1899
1892, 1900
1889, 1901
1902, 1901
1901, 1902
1728, 1903
1904, 1903
1903, 1904
1905, 1904
1906, 1904
1904, 1905
1904, 1906
1907, 1906
1913, 1906
1919, 1906
1925, 1906
1942, 1906
1990, 1906
1906, 1907
1908, 1907
1907, 1908
1909, 1908
1908, 1909
1910, 1909
1909, 1910
1911, 1910
1912, 1910
1910, 1911
1910, 1912
1906, 1913
1914, 1913
1913, 1914
1915, 1914
1914, 1915
1916, 1915
1915, 1916
1917, 1916
1918, 1916
1916, 1917
1916, 1918
1906, 1919
1920, 1919
1919, 1920
1921, 1920
1920, 1921
1922, 1921
1921, 1922
1923, 1922
1924, 1922
1922, 1923
1922, 1924
1906, 1925
1926, 1925
1925, 1926
1927, 1926
1926, 1927
1928, 1927
1934, 1927
1938, 1927
1927, 1928
1929, 1928
1933, 1928
1928, 1929
1930, 1929
1929, 1930
1931, 1930
1932, 1930
1930, 1931
1930, 1932
1928, 1933
1927, 1934
1935, 1934
1934, 1935
1936, 1935
1937, 1935
1935, 1936
1935, 1937
1927, 1938
1939, 1938
1938, 1939
1940, 1939
1941, 1939
1939, 1940
1939, 1941
1906, 1942
1943, 1942
1950, 1942
1953, 1942
1955, 1942
1942, 1943
1944, 1943
1943, 1944
1945, 1944
1944, 1945
1946, 1945
1949, 1945
1945, 1946
1947, 1946
1948, 1946
1946, 1947
1946, 1948
1945, 1949
1942, 1950
1951, 1950
1952, 1950
1950, 1951
1950, 1952
1942, 1953
1954, 1953
1953, 1954
1942, 1955
1956, 1955
1973, 1955
1955, 1956
1957, 1956
1965, 1956
1956, 1957
1958, 1957
1964, 1957
1957, 1958
1959, 1958
1958, 1959
1960, 1959
1963, 1959
1959, 1960
1961, 1960
1962, 1960
1960, 1961
1960, 1962
1959, 1963
1957, 1964
1956, 1965
1966, 1965
1965, 1966
1967, 1966
1966, 1967
1968, 1967
1971, 1967
1972, 1967
1967, 1968
1969, 1968
1970, 1968
1968, 1969
1968, 1970
1967, 1971
1967, 1972
1955, 1973
1974, 1973
1982, 1973
1973, 1974
1975, 1974
1981, 1974
1974, 1975
1976, 1975
1975, 1976
1977, 1976
1980, 1976
1976, 1977
1978, 1977
1979, 1977
1977, 1978
1977, 1979
1976, 1980
1974, 1981
1973, 1982
1983, 1982
1982, 1983
1984, 1983
1983, 1984
1985, 1984
1988, 1984
1989, 1984
1984, 1985
1986, 1985
1987, 1985
1985, 1986
1985, 1987
1984, 1988
1984, 1989
1906, 1990
1991, 1990
1990, 1991
1993, 1992
1998, 1992
2001, 1992
2014, 1992
2132, 1992
2221, 1992
2265, 1992
1992, 1993
1994, 1993
1993, 1994
1995, 1994
1994, 1995
1996, 1995
1997, 1995
1995, 1996
1995, 1997
1992, 1998
1999, 1998
2000, 1998
1998, 1999
1998, 2000
1992, 2001
2002, 2001
2001, 2002
2003, 2002
2008, 2002
2002, 2003
2004, 2003
2007, 2003
2003, 2004
2005, 2004
2006, 2004
2004, 2005
2004, 2006
2003, 2007
2002, 2008
2009, 2008
2008, 2009
2010, 2009
2009, 2010
2011, 2010
2010, 2011
2012, 2011
2013, 2011
2011, 2012
2011, 2013
1992, 2014
2015, 2014
2014, 2015
2016, 2015
2021, 2015
2015, 2016
2017, 2016
2020, 2016
2016, 2017
2018, 2017
2019, 2017
2017, 2018
2017, 2019
2016, 2020
2015, 2021
2022, 2021
2023, 2021
2024, 2021
2025, 2021
2026, 2021
2021, 2022
2021, 2023
2021, 2024
2021, 2025
2021, 2026
2027, 2026
2026, 2027
2028, 2027
2123, 2027
2131, 2027
2027, 2028
2029, 2028
2028, 2029
2030, 2029
2037, 2029
2043, 2029
2029, 2030
2031, 2030
2036, 2030
2030, 2031
2032, 2031
2035, 2031
2031, 2032
2033, 2032
2034, 2032
2032, 2033
2032, 2034
2031, 2035
2030, 2036
2029, 2037
2038, 2037
2037, 2038
2039, 2038
2038, 2039
2040, 2039
2041, 2039
2042, 2039
2039, 2040
2039, 2041
2039, 2042
2029, 2043
2044, 2043
2048, 2043
2051, 2043
2053, 2043
2083, 2043
2098, 2043
2109, 2043
2043, 2044
2045, 2044
2044, 2045
2046, 2045
2045, 2046
2047, 2046
2046, 2047
2043, 2048
2049, 2048
2048, 2049
2050, 2049
2049, 2050
2043, 2051
2052, 2051
2051, 2052
2043, 2053
2054, 2053
2062, 2053
2053, 2054
2055, 2054
2061, 2054
2054, 2055
2056, 2055
2055, 2056
2057, 2056
2060, 2056
2056, 2057
2058, 2057
2059, 2057
2057, 2058
2057, 2059
2056, 2060
2054, 2061
2053, 2062
2063, 2062
2073, 2062
2062, 2063
2064, 2063
2063, 2064
2065, 2064
2066, 2064
2064, 2065
2064, 2066
2067, 2066
2072, 2066
2066, 2067
2068, 2067
2071, 2067
2067, 2068
2069, 2068
2070, 2068
2068, 2069
2068, 2070
2067, 2071
2066, 2072
2062, 2073
2074, 2073
2073, 2074
2075, 2074
2076, 2074
2074, 2075
2074, 2076
2077, 2076
2082, 2076
2076, 2077
2078, 2077
2081, 2077
2077, 2078
2079, 2078
2080, 2078
2078, 2079
2078, 2080
2077, 2081
2076, 2082
2043, 2083
2084, 2083
2083, 2084
2085, 2084
2088, 2084
2095, 2084
2096, 2084
2097, 2084
2084, 2085
2086, 2085
2087, 2085
2085, 2086
2085, 2087
2084, 2088
2089, 2088
2094, 2088
2088, 2089
2090, 2089
2093, 2089
2089, 2090
2091, 2090
2092, 2090
2090, 2091
2090, 2092
2089, 2093
2088, 2094
2084, 2095
2084, 2096
2084, 2097
2043, 2098
2099, 2098
2098, 2099
2100, 2099
2099, 2100
2101, 2100
2103, 2100
2105, 2100
2107, 2100
2100, 2101
2102, 2101
2101, 2102
2100, 2103
2104, 2103
2103, 2104
2100, 2105
2106, 2105
2105, 2106
2100, 2107
2108, 2107
2107, 2108
2043, 2109
2110, 2109
2109, 2110
2111, 2110
2114, 2110
2110, 2111
2112, 2111
2113, 2111
2111, 2112
2111, 2113
2110, 2114
2115, 2114
2114, 2115
2116, 2115
2115, 2116
2117, 2116
2116, 2117
2118, 2117
2119, 2117
2120, 2117
2117, 2118
2117, 2119
2117, 2120
2121, 2120
2122, 2120
2120, 2121
2120, 2122
2027, 2123
2124, 2123
2125, 2123
2123, 2124
2123, 2125
2126, 2125
2125, 2126
2127, 2126
2126, 2127
2128, 2127
2129, 2127
2130, 2127
2127, 2128
2127, 2129
2127, 2130
2027, 2131
1992, 2132
2133, 2132
2132, 2133
2134, 2133
2139, 2133
2133, 2134
2135, 2134
2138, 2134
2134, 2135
2136, 2135
2137, 2135
2135, 2136
2135, 2137
2134, 2138
2133, 2139
2140, 2139
2141, 2139
2142, 2139
2143, 2139
2144, 2139
2139, 2140
2139, 2141
2139, 2142
2139, 2143
2139, 2144
2145, 2144
2144, 2145
2146, 2145
2148, 2145
2149, 2145
2145, 2146
2147, 2146
2146, 2147
2145, 2148
2145, 2149
2150, 2149
2155, 2149
2192, 2149
2149, 2150
2151, 2150
2150, 2151
2152, 2151
2151, 2152
2153, 2152
2154, 2152
2152, 2153
2152, 2154
2149, 2155
2156, 2155
2185, 2155
2155, 2156
2157, 2156
2176, 2156
2156, 2157
2158, 2157
2167, 2157
2157, 2158
2159, 2158
2158, 2159
2160, 2159
2163, 2159
2166, 2159
2159, 2160
2161, 2160
2162, 2160
2160, 2161
2160, 2162
2159, 2163
2164, 2163
2165, 2163
2163, 2164
2163, 2165
2159, 2166
2157, 2167
2168, 2167
2167, 2168
2169, 2168
2172, 2168
2175, 2168
2168, 2169
2170, 2169
2171, 2169
2169, 2170
2169, 2171
2168, 2172
2173, 2172
2174, 2172
2172, 2173
2172, 2174
2168, 2175
2156, 2176
2177, 2176
2176, 2177
2178, 2177
2181, 2177
2184, 2177
2177, 2178
2179, 2178
2180, 2178
2178, 2179
2178, 2180
2177, 2181
2182, 2181
2183, 2181
2181, 2182
2181, 2183
2177, 2184
2155, 2185
2186, 2185
2185, 2186
2187, 2186
2186, 2187
2188, 2187
2191, 2187
2187, 2188
2189, 2188
2190, 2188
2188, 2189
2188, 2190
2187, 2191
2149, 2192
2193, 2192
2205, 2192
2192, 2193
2194, 2193
2199, 2193
2193, 2194
2195, 2194
2198, 2194
2194, 2195
2196, 2195
2197, 2195
2195, 2196
2195, 2197
2194, 2198
2193, 2199
2200, 2199
2199, 2200
2201, 2200
2204, 2200
2200, 2201
2202, 2201
2203, 2201
2201, 2202
2201, 2203
2200, 2204
2192, 2205
2206, 2205
2205, 2206
2207, 2206
2206, 2207
2208, 2207
2211, 2207
2216, 2207
2217, 2207
2220, 2207
2207, 2208
2209, 2208
2210, 2208
2208, 2209
2208, 2210
2207, 2211
2212, 2211
2215, 2211
2211, 2212
2213, 2212
2214, 2212
2212, 2213
2212, 2214
2211, 2215
2207, 2216
2207, 2217
2218, 2217
2219, 2217
2217, 2218
2217, 2219
2207, 2220
1992, 2221
2222, 2221
2221, 2222
2223, 2222
2228, 2222
2222, 2223
2224, 2223
2227, 2223
2223, 2224
2225, 2224
2226, 2224
2224, 2225
2224, 2226
2223, 2227
2222, 2228
2229, 2228
2230, 2228
2231, 2228
2228, 2229
2228, 2230
2228, 2231
2232, 2231
2239, 2231
2263, 2231
2231, 2232
2233, 2232
2237, 2232
2232, 2233
2234, 2233
2233, 2234
2235, 2234
2236, 2234
2234, 2235
2234, 2236
2232, 2237
2238, 2237
2237, 2238
2231, 2239
2240, 2239
2243, 2239
2250, 2239
2252, 2239
2239, 2240
2241, 2240
2240, 2241
2242, 2241
2241, 2242
2239, 2243
2244, 2243
2245, 2243
2243, 2244
2243, 2245
2246, 2245
2249, 2245
2245, 2246
2247, 2246
2248, 2246
2246, 2247
2246, 2248
2245, 2249
2239, 2250
2251, 2250
2250, 2251
2239, 2252
2253, 2252
2252, 2253
2254, 2253
2261, 2253
2253, 2254
2255, 2254
2260, 2254
2254, 2255
2256, 2255
2259, 2255
2255, 2256
2257, 2256
2258, 2256
2256, 2257
2256, 2258
2255, 2259
2254, 2260
2253, 2261
2262, 2261
2261, 2262
2231, 2263
2264, 2263
2263, 2264
1992, 2265
2266, 2265
2265, 2266
2267, 2266
2270, 2266
2266, 2267
2268, 2267
2269, 2267
2267, 2268
2267, 2269
2266, 2270
2271, 2270
2272, 2270
2270, 2271
2270, 2272
