2, 1
1, 2
3, 2
2, 3
4, 3
5, 3
6, 3
3, 4
3, 5
3, 6
7, 6
9, 6
6, 7
8, 7
7, 8
6, 9
10, 9
9, 10
12, 11
11, 12
13, 12
12, 13
14, 13
17, 13
13, 14
15, 14
16, 14
14, 15
14, 16
13, 17
18, 17
17, 18
20, 19
19, 20
21, 20
20, 21
22, 21
23, 21
21, 22
21, 23
24, 23
27, 23
23, 24
25, 24
26, 24
24, 25
24, 26
23, 27
29, 28
28, 29
30, 29
29, 30
31, 30
34, 30
35, 30
30, 31
32, 31
33, 31
31, 32
31, 33
30, 34
30, 35
36, 35
35, 36
37, 36
36, 37
39, 38
41, 38
43, 38
38, 39
40, 39
39, 40
38, 41
42, 41
41, 42
38, 43
44, 43
43, 44
45, 44
46, 44
44, 45
44, 46
47, 46
48, 46
46, 47
46, 48
50, 49
49, 50
51, 50
50, 51
52, 51
53, 51
54, 51
51, 52
51, 53
51, 54
55, 54
57, 54
54, 55
56, 55
55, 56
54, 57
58, 57
57, 58
60, 59
59, 60
61, 60
60, 61
62, 61
63, 61
64, 61
61, 62
61, 63
61, 64
65, 64
67, 64
64, 65
66, 65
65, 66
64, 67
68, 67
67, 68
70, 69
69, 70
71, 70
70, 71
72, 71
75, 71
71, 72
73, 72
74, 72
72, 73
72, 74
71, 75
76, 75
75, 76
77, 76
76, 77
78, 77
79, 77
77, 78
77, 79
81, 80
80, 81
82, 81
81, 82
83, 82
84, 82
85, 82
82, 83
82, 84
82, 85
86, 85
88, 85
85, 86
87, 86
86, 87
85, 88
89, 88
88, 89
91, 90
90, 91
92, 91
91, 92
93, 92
96, 92
92, 93
94, 93
95, 93
93, 94
93, 95
92, 96
98, 97
97, 98
99, 98
98, 99
100, 99
103, 99
99, 100
101, 100
102, 100
100, 101
100, 102
99, 103
105, 104
104, 105
106, 105
105, 106
107, 106
108, 106
106, 107
106, 108
109, 108
111, 108
108, 109
110, 109
109, 110
108, 111
112, 111
111, 112
114, 113
113, 114
115, 114
116, 114
114, 115
114, 116
117, 116
116, 117
118, 117
117, 118
120, 119
119, 120
121, 120
120, 121
122, 121
123, 121
124, 121
121, 122
121, 123
121, 124
125, 124
127, 124
124, 125
126, 125
125, 126
124, 127
128, 127
127, 128
130, 129
129, 130
131, 130
130, 131
132, 131
135, 131
131, 132
133, 132
134, 132
132, 133
132, 134
131, 135
136, 135
137, 135
135, 136
135, 137
139, 138
138, 139
140, 139
139, 140
141, 140
142, 140
140, 141
140, 142
143, 142
145, 142
142, 143
144, 143
143, 144
142, 145
146, 145
145, 146
148, 147
147, 148
149, 148
148, 149
150, 149
151, 149
152, 149
149, 150
149, 151
149, 152
153, 152
152, 153
154, 153
153, 154
156, 155
158, 155
155, 156
157, 156
156, 157
155, 158
160, 159
159, 160
161, 160
160, 161
162, 161
165, 161
161, 162
163, 162
164, 162
162, 163
162, 164
161, 165
166, 165
168, 165
165, 166
167, 166
166, 167
165, 168
169, 168
168, 169
171, 170
170, 171
172, 171
171, 172
173, 172
176, 172
172, 173
174, 173
175, 173
173, 174
173, 175
172, 176
178, 177
177, 178
179, 178
178, 179
180, 179
181, 179
179, 180
179, 181
183, 182
182, 183
184, 183
183, 184
185, 184
186, 184
184, 185
184, 186
187, 186
189, 186
186, 187
188, 187
187, 188
186, 189
190, 189
189, 190
192, 191
191, 192
193, 192
194, 192
192, 193
192, 194
195, 194
194, 195
196, 195
195, 196
198, 197
197, 198
199, 198
198, 199
200, 199
201, 199
199, 200
199, 201
203, 202
202, 203
204, 203
203, 204
205, 204
208, 204
204, 205
206, 205
207, 205
205, 206
205, 207
204, 208
209, 208
210, 208
208, 209
208, 210
212, 211
214, 211
211, 212
213, 212
212, 213
211, 214
215, 214
216, 214
214, 215
214, 216
217, 216
216, 217
218, 217
217, 218
219, 218
220, 218
218, 219
218, 220
222, 221
221, 222
223, 222
222, 223
224, 223
225, 223
223, 224
223, 225
226, 225
225, 226
227, 226
226, 227
229, 228
228, 229
230, 229
229, 230
231, 230
232, 230
233, 230
230, 231
230, 232
230, 233
234, 233
233, 234
235, 234
234, 235
237, 236
236, 237
238, 237
237, 238
239, 238
242, 238
243, 238
238, 239
240, 239
241, 239
239, 240
239, 241
238, 242
238, 243
244, 243
243, 244
245, 244
244, 245
247, 246
246, 247
248, 247
247, 248
249, 248
256, 248
248, 249
250, 249
251, 249
249, 250
249, 251
252, 251
251, 252
253, 252
252, 253
254, 253
255, 253
253, 254
253, 255
248, 256
258, 257
257, 258
259, 258
258, 259
260, 259
263, 259
259, 260
261, 260
262, 260
260, 261
260, 262
259, 263
264, 263
263, 264
265, 264
264, 265
267, 266
266, 267
268, 267
267, 268
269, 268
270, 268
268, 269
268, 270
271, 270
273, 270
270, 271
272, 271
271, 272
270, 273
274, 273
273, 274
276, 275
275, 276
277, 276
276, 277
278, 277
279, 277
282, 277
277, 278
277, 279
280, 279
281, 279
279, 280
279, 281
277, 282
283, 282
282, 283
285, 284
284, 285
286, 285
285, 286
287, 286
286, 287
288, 287
287, 288
290, 289
294, 289
289, 290
291, 290
290, 291
292, 291
293, 291
291, 292
291, 293
289, 294
295, 294
294, 295
296, 295
299, 295
295, 296
297, 296
298, 296
296, 297
296, 298
295, 299
301, 300
300, 301
302, 301
301, 302
303, 302
304, 302
302, 303
302, 304
306, 305
305, 306
307, 306
306, 307
308, 307
315, 307
307, 308
309, 308
314, 308
308, 309
310, 309
313, 309
309, 310
311, 310
312, 310
310, 311
310, 312
309, 313
308, 314
307, 315
317, 316
319, 316
316, 317
318, 317
317, 318
316, 319
320, 319
319, 320
321, 320
324, 320
325, 320
320, 321
322, 321
323, 321
321, 322
321, 323
320, 324
320, 325
327, 326
326, 327
328, 327
327, 328
329, 328
330, 328
331, 328
328, 329
328, 330
328, 331
332, 331
334, 331
331, 332
333, 332
332, 333
331, 334
335, 334
334, 335
337, 336
336, 337
338, 337
337, 338
339, 338
340, 338
341, 338
338, 339
338, 340
338, 341
342, 341
341, 342
343, 342
342, 343
345, 344
344, 345
346, 345
345, 346
347, 346
350, 346
346, 347
348, 347
349, 347
347, 348
347, 349
346, 350
351, 350
350, 351
352, 351
351, 352
354, 353
353, 354
355, 354
354, 355
356, 355
357, 355
355, 356
355, 357
358, 357
357, 358
359, 358
358, 359
361, 360
360, 361
362, 361
361, 362
363, 362
366, 362
362, 363
364, 363
365, 363
363, 364
363, 365
362, 366
367, 366
368, 366
366, 367
366, 368
370, 369
369, 370
371, 370
370, 371
372, 371
375, 371
371, 372
373, 372
374, 372
372, 373
372, 374
371, 375
377, 376
376, 377
378, 377
377, 378
379, 378
382, 378
383, 378
378, 379
380, 379
381, 379
379, 380
379, 381
378, 382
378, 383
384, 383
383, 384
385, 384
384, 385
387, 386
386, 387
388, 387
387, 388
389, 388
390, 388
388, 389
388, 390
392, 391
391, 392
393, 392
392, 393
394, 393
397, 393
393, 394
395, 394
396, 394
394, 395
394, 396
393, 397
399, 398
398, 399
400, 399
399, 400
401, 400
404, 400
400, 401
402, 401
403, 401
401, 402
401, 403
400, 404
406, 405
405, 406
407, 406
406, 407
408, 407
411, 407
407, 408
409, 408
410, 408
408, 409
408, 410
407, 411
413, 412
412, 413
414, 413
413, 414
415, 414
418, 414
414, 415
416, 415
417, 415
415, 416
415, 417
414, 418
