1 2
1 7
1 10
1 17
1 20
1 21
1 32
1 31
2 3
3 4
3 5
3 15
3 12
3 6
3 9
3 23
3 13
3 18
3 30
3 25
5 4
5 6
5 9
5 13
5 12
5 23
5 15
5 18
7 8
7 12
7 28
7 18
7 5
7 9
7 6
7 13
7 4
7 25
7 36
7 19
7 50
8 9
8 6
8 4
8 5
8 23
8 13
8 12
8 18
8 25
8 30
8 24
8 42
8 28
9 4
9 6
9 9
9 18
9 12
9 24
9 35
9 13
9 19
9 23
9 5
9 28
10 4
10 11
10 26
11 7
11 21
11 2
11 27
11 29
11 17
11 10
11 31
11 39
11 32
11 41
11 11
11 45
11 47
11 20
11 51
12 4
12 6
12 9
12 23
12 18
12 15
12 25
12 5
12 13
12 24
12 12
12 28
12 30
12 38
12 8
13 14
14 4
14 6
14 13
14 25
14 23
14 24
14 30
14 26
14 9
15 16
15 12
15 4
17 2
17 18
17 19
17 7
17 11
17 8
18 4
18 9
18 18
18 6
18 12
18 19
18 28
18 15
18 5
19 4
20 6
20 11
20 7
20 18
20 40
21 11
21 22
22 4
22 11
22 42
23 6
23 4
23 23
23 13
23 38
23 12
23 18
25 11
25 4
25 26
26 4
26 12
26 30
26 9
26 6
26 48
27 18
27 11
27 29
27 4
27 7
27 36
27 28
27 12
27 9
28 9
28 4
28 6
29 6
29 25
29 18
29 4
29 9
29 12
29 13
29 36
29 37
30 4
30 12
30 11
30 26
30 43
30 6
30 18
31 2
31 4
31 11
31 12
31 13
32 4
32 33
33 34
34 4
34 25
34 9
34 49
36 36
36 4
36 9
36 12
36 18
36 8
36 6
37 4
37 13
38 4
39 13
39 40
41 6
42 14
43 4
45 4
45 46
46 6
46 47
48 4
48 33
49 6
50 4
51 4
51 23
51 11
